{"frameID":1897248,"timeStamp":1461015791201,"hands":{},"pointables":{},"fingers":{},"bones":{}}{"frameID":1897304,"timeStamp":1461016294182,"hands":{"Hand 1":["957","Right","(-0.358606, 0.605667, -0.71033)","(-0.249018, -0.795434, -0.552517)","(41.9917, 166.415, 47.3608)","(93.2704, -10.922, -107.392)","(18.5217, 163.518, 78.6124)","0","0.1604937","0.827143"]},"pointables":{"Pointable 1":["9570","(-0.813385, 0.315488, -0.488745)","957","47.05791","(-53.3507, 145.681, 79.6052)","(-34.8151, 157.585, 41.9196)","(58.2791, 46.1602, -41.9661)","False"],"Pointable 2":["9571","(-0.484019, -0.23588, -0.842666)","957","53.09961","(-38.8968, 158.819, 5.32669)","(-24.3228, 169.784, -21.3716)","(91.872, 120.176, -158.436)","False"],"Pointable 3":["9572","(-0.442288, -0.273429, -0.854177)","957","60.50274","(-14.045, 157.598, -21.4865)","(-5.1064, 167.432, -40.0417)","(125.266, 164.176, -184.861)","False"],"Pointable 4":["9573","(-0.421676, -0.234071, -0.876014)","957","58.175","(12.1602, 160.001, -28.9605)","(19.7361, 167.608, -42.7549)","(161.637, 175.456, -186.304)","False"],"Pointable 5":["9574","(-0.406903, -0.239017, -0.881647)","957","45.60812","(38.9705, 158.03, -22.1973)","(46.9357, 162.081, -32.5739)","(183.619, 111.669, -159.801)","False"]},"fingers":{"Finger 1":["(42.1619, 129.957, 89.181)","(42.1619, 129.957, 89.181)","(5.49065, 144.179, 67.17)","(-19.5504, 153.892, 52.1234)","(-36.2128, 160.44, 40.896)","TYPE_THUMB"],"Finger 2":["(14.0444, 181.159, 42.2606)","(14.0444, 181.159, 42.2606)","(-6.052, 180.611, 9.08406)","(-16.6154, 175.463, -9.30662)","(-23.5207, 169.635, -21.8108)","TYPE_INDEX"],"Finger 3":["(32.3851, 183.194, 34.5953)","(32.3851, 183.194, 34.5953)","(13.8864, 181.582, -4.76676)","(2.53005, 174.562, -26.6989)","(-4.92589, 167.4, -40.1538)","TYPE_MIDDLE"],"Finger 4":["(52.2274, 180.085, 30.1275)","(52.2274, 180.085, 30.1275)","(37.174, 180.119, -7.30174)","(26.6265, 174.264, -29.2137)","(19.2016, 167.779, -42.904)","TYPE_RING"],"Finger 5":["(69.5921, 172.894, 25.5947)","(69.5921, 172.894, 25.5947)","(59.8781, 172.081, -4.80799)","(52.692, 167.86, -20.3782)","(45.5159, 162.07, -32.9167)","TYPE_PINKY"]},"bones":{"Bone 1 Finger 1":["(0.514775, 0.838194, 0.180104)","(-0.472727, 0.102256, 0.875256)","(0.715218, -0.535699, 0.448876)"],"Bone 2 Finger 1":["(0.32613, 0.94302, 0.0659699)","(-0.481336, 0.105591, 0.870153)","(0.813606, -0.315536, 0.488346)"],"Bone 3 Finger 1":["(0.32613, 0.94302, 0.0659699)","(-0.481709, 0.105735, 0.869929)","(0.813385, -0.315488, 0.488745)"],"Bone 4 Finger 1":["(0.32613, 0.94302, 0.0659699)","(-0.521467, 0.121256, 0.844612)","(0.788487, -0.309854, 0.531299)"],"Bone 1 Finger 2":["(0.826679, 0.122642, -0.549145)","(0.171415, 0.874674, 0.45339)","(0.535927, -0.46894, 0.702052)"],"Bone 2 Finger 2":["(0.850185, 0.101199, -0.516666)","(-0.0938528, 0.994766, 0.0404081)","(0.518051, 0.0141361, 0.855233)"],"Bone 3 Finger 2":["(0.850185, 0.101199, -0.516666)","(-0.207148, 0.966498, -0.151559)","(0.484019, 0.23588, 0.842666)"],"Bone 4 Finger 2":["(0.850185, 0.101199, -0.516666)","(-0.2772, 0.920357, -0.275869)","(0.447599, 0.37776, 0.810526)"],"Bone 1 Finger 3":["(0.850069, -0.092761, -0.518438)","(0.320432, 0.872308, 0.369327)","(0.417979, -0.480077, 0.771246)"],"Bone 2 Finger 3":["(0.896698, -0.153631, -0.415126)","(0.123577, 0.987435, -0.0984975)","(0.425042, 0.0370224, 0.904416)"],"Bone 3 Finger 3":["(0.896698, -0.153631, -0.415126)","(0.0177206, 0.949544, -0.313132)","(0.442288, 0.273429, 0.854177)"],"Bone 4 Finger 3":["(0.896698, -0.153631, -0.415126)","(-0.0533854, 0.893456, -0.445968)","(0.439411, 0.42206, 0.792958)"],"Bone 1 Finger 4":["(0.875722, -0.22789, -0.425649)","(0.393508, 0.847703, 0.35574)","(0.279754, -0.479026, 0.832029)"],"Bone 2 Finger 4":["(0.894722, -0.264225, -0.36008)","(0.245443, 0.964461, -0.0978456)","(0.373136, -0.000834447, 0.927776)"],"Bone 3 Finger 4":["(0.894722, -0.264225, -0.36008)","(0.147181, 0.935626, -0.320846)","(0.421676, 0.234071, 0.876014)"],"Bone 4 Finger 4":["(0.894722, -0.264225, -0.36008)","(0.0759944, 0.884536, -0.46024)","(0.440111, 0.384422, 0.811494)"],"Bone 1 Finger 5":["(0.825078, -0.418712, -0.379378)","(0.548083, 0.756265, 0.357307)","(0.137302, -0.502736, 0.853466)"],"Bone 2 Finger 5":["(0.836217, -0.485926, -0.254199)","(0.456257, 0.873629, -0.169118)","(0.304255, 0.0254392, 0.952251)"],"Bone 3 Finger 5":["(0.836217, -0.485926, -0.254199)","(0.367658, 0.840682, -0.397595)","(0.406903, 0.239017, 0.881647)"],"Bone 4 Finger 5":["(0.836217, -0.485926, -0.254199)","(0.296904, 0.790874, -0.535133)","(0.461075, 0.372014, 0.805615)"]}}{"frameID":1897360,"timeStamp":1461016797136,"hands":{"Hand 1":["957","Right","(-0.422185, 0.473885, -0.772783)","(-0.0525992, -0.863851, -0.500994)","(46.3153, 160.676, 41.099)","(-21.7193, 7.90787, 25.6228)","(41.2757, 161.1, 49.4922)","0","0","0.981024"]},"pointables":{"Pointable 1":["9570","(-0.821641, 0.492262, -0.287374)","957","47.73349","(-47.7296, 149.905, 72.5568)","(-32.3789, 171.1, 73.411)","(-15.5745, 14.9998, 30.6886)","False"],"Pointable 2":["9571","(-0.480587, 0.352767, -0.802865)","957","53.86192","(-16.975, 193.075, -28.2463)","(-21.5709, 195.65, -27.8478)","(-25.0805, 37.2844, 38.6717)","False"],"Pointable 3":["9572","(-0.352168, 0.280792, -0.892823)","957","61.37134","(6.11536, 198.024, -48.8234)","(3.64591, 199.051, -50.8158)","(-28.2675, 32.3002, 30.2375)","False"],"Pointable 4":["9573","(-0.223584, 0.28008, -0.933577)","957","59.01018","(39.2298, 195.878, -52.4323)","(36.9115, 198.155, -53.9486)","(-26.4611, 42.5376, 29.6568)","False"],"Pointable 5":["9574","(-0.0951355, 0.22172, -0.970458)","957","46.26289","(70.0168, 183.462, -41.8325)","(68.8045, 185.607, -43.0691)","(-22.1761, 40.2338, 26.2319)","False"]},"fingers":{"Finger 1":["(50.8957, 127.358, 86.2217)","(50.8957, 127.358, 86.2217)","(10.8253, 148.932, 81.8393)","(-14.8332, 164.304, 72.8651)","(-33.9238, 174.052, 72.8773)","TYPE_THUMB"],"Finger 2":["(16.0003, 169.319, 33.3288)","(16.0003, 169.319, 33.3288)","(-2.92553, 184.211, 2.20951)","(-13.5646, 192.02, -15.5641)","(-21.0759, 197.21, -28.2738)","TYPE_INDEX"],"Finger 3":["(34.3165, 174.523, 26.3818)","(34.3165, 174.523, 26.3818)","(18.9561, 188.606, -12.5368)","(9.78386, 195.919, -35.7903)","(3.67142, 200.222, -51.2939)","TYPE_MIDDLE"],"Finger 4":["(54.9258, 175.143, 23.1485)","(54.9258, 175.143, 23.1485)","(46.0234, 187.872, -14.711)","(40.3506, 194.978, -38.398)","(36.4457, 199.348, -54.4758)","TYPE_RING"],"Finger 5":["(73.886, 171.209, 20.0427)","(73.886, 171.209, 20.0427)","(71.3532, 179.79, -11.0825)","(69.649, 183.762, -28.4672)","(67.943, 186.73, -43.8788)","TYPE_PINKY"]},"bones":{"Bone 1 Finger 1":["(0.328827, 0.933877, 0.140521)","(-0.540037, 0.0638754, 0.839214)","(0.774747, -0.351842, 0.525333)"],"Bone 2 Finger 1":["(0.443789, 0.868846, 0.219449)","(-0.186836, -0.149795, 0.970904)","(0.876438, -0.471877, 0.095854)"],"Bone 3 Finger 1":["(0.443789, 0.868846, 0.219449)","(-0.357711, -0.052775, 0.93234)","(0.821641, -0.492262, 0.287374)"],"Bone 4 Finger 1":["(0.443789, 0.868846, 0.219449)","(-0.0993025, -0.195697, 0.975624)","(0.890612, -0.454763, -0.000569743)"],"Bone 1 Finger 2":["(0.821249, 0.248005, -0.513851)","(-0.0322609, 0.919336, 0.392148)","(0.569657, -0.305474, 0.763005)"],"Bone 2 Finger 2":["(0.876713, 0.214429, -0.430575)","(-0.0066251, 0.900438, 0.434934)","(0.480968, -0.37846, 0.790846)"],"Bone 3 Finger 2":["(0.876713, 0.214429, -0.430575)","(-0.0202652, 0.910811, 0.412327)","(0.480587, -0.352767, 0.802865)"],"Bone 4 Finger 2":["(0.876713, 0.214429, -0.430575)","(-0.0313731, 0.918725, 0.393651)","(0.47999, -0.33161, 0.812185)"],"Bone 1 Finger 3":["(0.884048, 0.0440714, -0.465314)","(0.11956, 0.9411, 0.316286)","(0.451846, -0.335245, 0.826708)"],"Bone 2 Finger 3":["(0.930736, 0.00464834, -0.365661)","(0.112553, 0.947739, 0.298535)","(0.347939, -0.319013, 0.881572)"],"Bone 3 Finger 3":["(0.930736, 0.00464834, -0.365661)","(0.0985246, 0.959757, 0.26298)","(0.352168, -0.280792, 0.892823)"],"Bone 4 Finger 3":["(0.930736, 0.00464834, -0.365661)","(0.0872314, 0.968232, 0.234343)","(0.355134, -0.250009, 0.900764)"],"Bone 1 Finger 4":["(0.92936, -0.0768133, -0.361096)","(0.196759, 0.930677, 0.308425)","(0.312373, -0.357687, 0.880047)"],"Bone 2 Finger 4":["(0.957677, -0.115023, -0.263863)","(0.188491, 0.943405, 0.272871)","(0.217544, -0.311058, 0.925158)"],"Bone 3 Finger 4":["(0.957677, -0.115023, -0.263863)","(0.181286, 0.953061, 0.242509)","(0.223584, -0.28008, 0.933577)"],"Bone 4 Finger 4":["(0.957677, -0.115023, -0.263863)","(0.175451, 0.959976, 0.21832)","(0.228191, -0.255375, 0.939528)"],"Bone 1 Finger 5":["(0.913896, -0.270407, -0.302777)","(0.365732, 0.872118, 0.325038)","(0.176165, -0.407786, 0.895922)"],"Bone 2 Finger 5":["(0.929934, -0.328066, -0.166116)","(0.359313, 0.906735, 0.220741)","(0.0782055, -0.264962, 0.961082)"],"Bone 3 Finger 5":["(0.929934, -0.328066, -0.166116)","(0.355206, 0.918266, 0.174974)","(0.0951355, -0.22172, 0.970458)"],"Bone 4 Finger 5":["(0.929934, -0.328066, -0.166116)","(0.35149, 0.925758, 0.139377)","(0.108058, -0.188, 0.976207)"]}}{"frameID":1897415,"timeStamp":1461017291459,"hands":{"Hand 1":["957","Right","(-0.490989, 0.46061, -0.739438)","(-0.300603, -0.886237, -0.352452)","(11.0438, 177.626, 63.8798)","(-40.5823, 19.45, 21.2514)","(16.3085, 175.075, 61.0524)","0","0","1"]},"pointables":{"Pointable 1":["9570","(-0.773937, 0.58827, -0.234433)","957","48.40908","(-49.1217, 189.917, 95.2255)","(-55.3501, 206.309, 107.509)","(-55.4751, 6.94026, 14.2942)","False"],"Pointable 2":["9571","(-0.508726, 0.518963, -0.686932)","957","54.62424","(-51.4288, 227.359, 6.09697)","(-57.6228, 231.691, 9.17974)","(-41.1566, 28.1361, 24.752)","False"],"Pointable 3":["9572","(-0.441103, 0.442593, -0.78073)","957","62.23994","(-36.1704, 230.862, -16.434)","(-38.8499, 231.803, -17.2779)","(-48.6211, 15.5378, 18.3293)","False"],"Pointable 4":["9573","(-0.346202, 0.433828, -0.831828)","957","59.84536","(-7.24643, 224.257, -24.6792)","(-9.28558, 224.786, -25.9574)","(-53.2539, 15.967, 17.8543)","False"],"Pointable 5":["9574","(-0.306209, 0.398737, -0.864433)","957","46.91766","(18.1468, 206.968, -18.2713)","(17.7234, 206.598, -19.9667)","(-71.3324, 9.12741, 19.0762)","False"]},"fingers":{"Finger 1":["(19.5602, 148.679, 112.325)","(19.5602, 148.679, 112.325)","(-17.2807, 176.715, 109.749)","(-41.7914, 195.345, 102.325)","(-58.5999, 208.16, 107.407)","TYPE_THUMB"],"Finger 2":["(-18.7698, 191.246, 60.7539)","(-18.7698, 191.246, 60.7539)","(-38.3797, 213.702, 34.2275)","(-49.8011, 225.354, 18.8051)","(-58.0962, 232.967, 7.62055)","TYPE_INDEX"],"Finger 3":["(-1.4902, 192.064, 49.6507)","(-1.4902, 192.064, 49.6507)","(-19.9439, 214.513, 15.592)","(-31.595, 226.204, -5.02984)","(-39.6987, 233.02, -18.9061)","TYPE_MIDDLE"],"Finger 4":["(18.0504, 188.305, 42.4374)","(18.0504, 188.305, 42.4374)","(4.90783, 208.467, 8.62732)","(-4.00045, 219.63, -12.7768)","(-10.4281, 226.365, -27.4232)","TYPE_RING"],"Finger 5":["(35.2377, 180.376, 36.3296)","(35.2377, 180.376, 36.3296)","(26.8036, 195.606, 8.47893)","(21.2405, 202.85, -7.22565)","(15.7032, 208.331, -21.2125)","TYPE_PINKY"]},"bones":{"Bone 1 Finger 1":["(0.502083, 0.862745, -0.0598578)","(-0.331999, 0.256195, 0.907822)","(0.798554, -0.43593, 0.415062)"],"Bone 2 Finger 1":["(0.605713, 0.795677, -0.00303222)","(-0.0423769, 0.0360646, 0.998451)","(0.794554, -0.604646, 0.0555631)"],"Bone 3 Finger 1":["(0.605713, 0.795677, -0.00303222)","(-0.18475, 0.144346, 0.972127)","(0.773937, -0.58827, 0.234433)"],"Bone 4 Finger 1":["(0.605713, 0.795677, -0.00303222)","(0.187794, -0.139254, 0.972287)","(0.773204, -0.589497, -0.233771)"],"Bone 1 Finger 2":["(0.723614, 0.0288092, -0.689603)","(0.205112, 0.945015, 0.254708)","(0.659023, -0.325756, 0.677917)"],"Bone 2 Finger 2":["(0.799361, -0.0115828, -0.600739)","(0.345759, 0.826553, 0.44414)","(0.491399, -0.562739, 0.66472)"],"Bone 3 Finger 2":["(0.799361, -0.0115828, -0.600739)","(0.319718, 0.854718, 0.408946)","(0.508726, -0.518963, 0.686932)"],"Bone 4 Finger 2":["(0.799361, -0.0115828, -0.600739)","(0.296344, 0.87735, 0.377408)","(0.522687, -0.479711, 0.704752)"],"Bone 1 Finger 3":["(0.760358, -0.176993, -0.624923)","(0.338914, 0.928899, 0.149277)","(0.55407, -0.325299, 0.766281)"],"Bone 2 Finger 3":["(0.79975, -0.200879, -0.565727)","(0.436477, 0.841564, 0.31821)","(0.412174, -0.501416, 0.76072)"],"Bone 3 Finger 3":["(0.79975, -0.200879, -0.565727)","(0.407219, 0.873933, 0.265355)","(0.441103, -0.442593, 0.78073)"],"Bone 4 Finger 3":["(0.79975, -0.200879, -0.565727)","(0.380616, 0.898413, 0.219055)","(0.464253, -0.390514, 0.794964)"],"Bone 1 Finger 4":["(0.80588, -0.292452, -0.514811)","(0.409862, 0.903037, 0.128599)","(0.427284, -0.314636, 0.847604)"],"Bone 2 Finger 4":["(0.815328, -0.299487, -0.495528)","(0.484721, 0.821149, 0.301262)","(0.316679, -0.48582, 0.814674)"],"Bone 3 Finger 4":["(0.815328, -0.299487, -0.495528)","(0.464095, 0.849766, 0.250029)","(0.346202, -0.433828, 0.831828)"],"Bone 4 Finger 4":["(0.815328, -0.299487, -0.495528)","(0.445049, 0.871611, 0.205489)","(0.370367, -0.388075, 0.843935)"],"Bone 1 Finger 5":["(0.771044, -0.472063, -0.427374)","(0.566344, 0.815188, 0.121337)","(0.291111, -0.335597, 0.895896)"],"Bone 2 Finger 5":["(0.753881, -0.452908, -0.47596)","(0.604748, 0.761492, 0.23326)","(0.256795, -0.463686, 0.847969)"],"Bone 3 Finger 5":["(0.753881, -0.452908, -0.47596)","(0.581291, 0.797423, 0.161916)","(0.306209, -0.398737, 0.864433)"],"Bone 4 Finger 5":["(0.753881, -0.452908, -0.47596)","(0.558614, 0.823197, 0.101472)","(0.345852, -0.342376, 0.873593)"]}}{"frameID":1897470,"timeStamp":1461017785754,"hands":{"Hand 1":["957","Right","(-0.471511, 0.461348, -0.751555)","(-0.30488, -0.884967, -0.351968)","(14.2407, 171.119, 59.3742)","(1.50865, 5.51867, 7.23311)","(13.2875, 173.945, 60.736)","0","0","1"]},"pointables":{"Pointable 1":["9570","(-0.79585, 0.551506, -0.249928)","957","49.06053","(-53.7267, 197.279, 99.5591)","(-56.1342, 196.162, 98.8196)","(-1.68982, 2.2772, 2.88724)","False"],"Pointable 2":["9571","(-0.529111, 0.437083, -0.727324)","957","55.35934","(-54.5209, 222.942, 2.78768)","(-55.3191, 219.8, 0.80396)","(-2.62638, 6.71763, 8.15317)","False"],"Pointable 3":["9572","(-0.440369, 0.380613, -0.813148)","957","63.07752","(-34.8306, 220.724, -24.5615)","(-34.9743, 220.282, -25.0277)","(-0.74496, 12.3985, 9.01727)","False"],"Pointable 4":["9573","(-0.33064, 0.407051, -0.851462)","957","60.65072","(-5.06198, 216.221, -31.1498)","(-4.2712, 216.28, -31.8605)","(-0.565534, 14.1244, 9.72857)","False"],"Pointable 5":["9574","(-0.226924, 0.400023, -0.887968)","957","47.54904","(24.1049, 198.928, -25.1133)","(25.4255, 199.923, -25.1514)","(0.985537, 10.6379, 7.64301)","False"]},"fingers":{"Finger 1":["(21.5996, 142.025, 108.822)","(21.5996, 142.025, 108.822)","(-16.7105, 168.76, 103.753)","(-42.2544, 186.461, 95.7308)","(-60.0326, 199.022, 99.1274)","TYPE_THUMB"],"Finger 2":["(-15.7385, 185.266, 55.5509)","(-15.7385, 185.266, 55.5509)","(-36.5777, 204.667, 26.8283)","(-48.6166, 214.612, 10.2794)","(-57.2995, 221.05, -1.63038)","TYPE_INDEX"],"Finger 3":["(1.98799, 185.803, 44.6208)","(1.98799, 185.803, 44.6208)","(-16.9126, 205.494, 8.3735)","(-28.7008, 215.683, -13.3937)","(-36.8222, 221.607, -27.9501)","TYPE_MIDDLE"],"Finger 4":["(21.8753, 181.702, 37.7062)","(21.8753, 181.702, 37.7062)","(9.05748, 200.785, 2.4845)","(0.435151, 211.4, -19.7197)","(-5.75172, 217.848, -34.8689)","TYPE_RING"],"Finger 5":["(39.3057, 173.413, 31.8962)","(39.3057, 173.413, 31.8962)","(32.8342, 188.112, 2.74137)","(28.6561, 195.477, -13.6079)","(24.5409, 201.389, -28.1477)","TYPE_PINKY"]},"bones":{"Bone 1 Finger 1":["(0.513662, 0.85614, -0.0563518)","(-0.345591, 0.266566, 0.899727)","(0.785314, -0.442681, 0.432799)"],"Bone 2 Finger 1":["(0.574099, 0.818491, -0.0219832)","(-0.0757895, 0.0798546, 0.993921)","(0.815271, -0.568943, 0.107877)"],"Bone 3 Finger 1":["(0.574099, 0.818491, -0.0219832)","(-0.19244, 0.160979, 0.968015)","(0.79585, -0.551506, 0.249928)"],"Bone 4 Finger 1":["(0.574099, 0.818491, -0.0219832)","(0.138724, -0.0707718, 0.987799)","(0.806949, -0.570144, -0.154174)"],"Bone 1 Finger 2":["(0.736566, 0.0151807, -0.676195)","(0.211946, 0.944215, 0.252067)","(0.6423, -0.328981, 0.692259)"],"Bone 2 Finger 2":["(0.802456, -0.0209264, -0.596344)","(0.300933, 0.877179, 0.374162)","(0.51527, -0.479708, 0.710195)"],"Bone 3 Finger 2":["(0.802456, -0.0209264, -0.596344)","(0.275872, 0.899178, 0.339668)","(0.529111, -0.437083, 0.727324)"],"Bone 4 Finger 2":["(0.802456, -0.0209264, -0.596344)","(0.254215, 0.916143, 0.30993)","(0.539851, -0.400305, 0.740484)"],"Bone 1 Finger 3":["(0.769575, -0.190595, -0.609449)","(0.34747, 0.925736, 0.149256)","(0.535741, -0.326629, 0.778649)"],"Bone 2 Finger 3":["(0.812041, -0.217479, -0.541565)","(0.40875, 0.87429, 0.261801)","(0.416549, -0.433958, 0.798854)"],"Bone 3 Finger 3":["(0.812041, -0.217479, -0.541565)","(0.382969, 0.898797, 0.213302)","(0.440369, -0.380613, 0.813148)"],"Bone 4 Finger 3":["(0.812041, -0.217479, -0.541565)","(0.360314, 0.916819, 0.172096)","(0.45909, -0.334882, 0.822855)"],"Bone 1 Finger 4":["(0.811628, -0.305824, -0.497727)","(0.418466, 0.898869, 0.130078)","(0.407611, -0.313857, 0.857524)"],"Bone 2 Finger 4":["(0.823937, -0.315457, -0.470759)","(0.477758, 0.833447, 0.277692)","(0.304753, -0.45371, 0.83742)"],"Bone 3 Finger 4":["(0.823937, -0.315457, -0.470759)","(0.460222, 0.857203, 0.231082)","(0.33064, -0.407051, 0.851462)"],"Bone 4 Finger 4":["(0.823937, -0.315457, -0.470759)","(0.444291, 0.875265, 0.191094)","(0.351757, -0.366604, 0.861318)"],"Bone 1 Finger 5":["(0.772975, -0.484381, -0.409738)","(0.573966, 0.809076, 0.126326)","(0.270319, -0.332822, 0.903414)"],"Bone 2 Finger 5":["(0.771517, -0.482592, -0.414568)","(0.605774, 0.756364, 0.246882)","(0.194422, -0.441608, 0.87589)"],"Bone 3 Finger 5":["(0.771517, -0.482592, -0.414568)","(0.594363, 0.779157, 0.199113)","(0.226924, -0.400023, 0.887968)"],"Bone 4 Finger 5":["(0.771517, -0.482592, -0.414568)","(0.583474, 0.796478, 0.158686)","(0.253614, -0.364319, 0.896076)"]}}{"frameID":1897528,"timeStamp":1461018288748,"hands":{"Hand 1":["957","Right","(-0.464143, 0.461703, -0.755911)","(-0.312549, -0.883878, -0.347954)","(15.0762, 174.557, 60.2446)","(2.8555, 12.0029, 3.69927)","(13.5741, 173.612, 60.486)","0","0","1"]},"pointables":{"Pointable 1":["9570","(-0.793771, 0.53093, -0.296717)","957","49.23347","(-54.0556, 197.235, 99.3701)","(-56.0078, 198.855, 98.1003)","(-0.833455, 8.60333, -3.65262)","False"],"Pointable 2":["9571","(-0.529372, 0.418891, -0.737764)","957","55.55447","(-54.7041, 222.337, 2.31597)","(-54.3558, 222.48, 0.866475)","(5.40618, 9.92244, -1.14597)","False"],"Pointable 3":["9572","(-0.44137, 0.361436, -0.821314)","957","63.29987","(-34.8383, 220.721, -24.6935)","(-33.8607, 222.701, -24.8199)","(4.62841, 9.10265, 1.21517)","False"],"Pointable 4":["9573","(-0.326795, 0.395923, -0.858167)","957","60.86451","(-4.77693, 216.491, -31.2702)","(-2.83517, 219.083, -31.3773)","(5.37697, 7.25059, 1.53309)","False"],"Pointable 5":["9574","(-0.225701, 0.379266, -0.897339)","957","47.71665","(24.5464, 199.358, -25.0856)","(26.8383, 202.245, -24.6143)","(4.57409, 6.82017, 3.29185)","False"]},"fingers":{"Finger 1":["(21.9887, 145.576, 110.061)","(21.9887, 145.576, 110.061)","(-16.7703, 171.889, 104.666)","(-42.3373, 188.99, 95.1089)","(-60.2659, 201.42, 98.6937)","TYPE_THUMB"],"Finger 2":["(-14.8498, 189.033, 56.2169)","(-14.8498, 189.033, 56.2169)","(-35.7052, 208.001, 27.0192)","(-47.7925, 217.565, 10.1736)","(-56.5279, 223.654, -1.95637)","TYPE_INDEX"],"Finger 3":["(2.98271, 189.33, 45.3099)","(2.98271, 189.33, 45.3099)","(-15.8317, 208.662, 8.62667)","(-27.6884, 218.371, -13.4366)","(-35.9113, 223.827, -28.1935)","TYPE_MIDDLE"],"Finger 4":["(22.9222, 184.973, 38.4672)","(22.9222, 184.973, 38.4672)","(10.414, 203.971, 2.91273)","(1.8619, 214.333, -19.5452)","(-4.3421, 220.49, -34.8795)","TYPE_RING"],"Finger 5":["(40.3497, 176.445, 32.7482)","(40.3497, 176.445, 32.7482)","(34.2291, 190.915, 3.27091)","(30.0588, 197.923, -13.3091)","(25.8197, 203.341, -28.0678)","TYPE_PINKY"]},"bones":{"Bone 1 Finger 1":["(0.522484, 0.850575, -0.0594329)","(-0.346086, 0.275262, 0.896914)","(0.779253, -0.448054, 0.438192)"],"Bone 2 Finger 1":["(0.564674, 0.824564, -0.0351705)","(-0.0747061, 0.0935068, 0.992812)","(0.821926, -0.557988, 0.114401)"],"Bone 3 Finger 1":["(0.564674, 0.824564, -0.0351705)","(-0.225989, 0.195466, 0.954318)","(0.793771, -0.53093, 0.296717)"],"Bone 4 Finger 1":["(0.564674, 0.824564, -0.0351705)","(0.153472, -0.0630374, 0.98614)","(0.810919, -0.562245, -0.162143)"],"Bone 1 Finger 2":["(0.739089, 0.00382351, -0.673597)","(0.220575, 0.943478, 0.247376)","(0.63647, -0.331412, 0.696471)"],"Bone 2 Finger 2":["(0.803395, -0.0319257, -0.59459)","(0.300842, 0.883502, 0.359051)","(0.513859, -0.467337, 0.719406)"],"Bone 3 Finger 2":["(0.803395, -0.0319257, -0.59459)","(0.272622, 0.907475, 0.319634)","(0.529372, -0.418891, 0.737764)"],"Bone 4 Finger 2":["(0.803395, -0.0319257, -0.59459)","(0.248291, 0.925569, 0.285787)","(0.54121, -0.377231, 0.751524)"],"Bone 1 Finger 3":["(0.769779, -0.201883, -0.605544)","(0.356271, 0.923037, 0.145166)","(0.529633, -0.327484, 0.782459)"],"Bone 2 Finger 3":["(0.811898, -0.228913, -0.537048)","(0.412422, 0.875988, 0.250107)","(0.413195, -0.424552, 0.805621)"],"Bone 3 Finger 3":["(0.811898, -0.228913, -0.537048)","(0.382118, 0.90386, 0.192414)","(0.44137, -0.361436, 0.821314)"],"Bone 4 Finger 3":["(0.811898, -0.228913, -0.537048)","(0.355348, 0.923652, 0.143507)","(0.463195, -0.307352, 0.831255)"],"Bone 1 Finger 4":["(0.810266, -0.316879, -0.493008)","(0.42706, 0.895345, 0.126401)","(0.401358, -0.312962, 0.860794)"],"Bone 2 Finger 4":["(0.823077, -0.32704, -0.464315)","(0.484482, 0.830927, 0.273564)","(0.296346, -0.450117, 0.842362)"],"Bone 3 Finger 4":["(0.823077, -0.32704, -0.464315)","(0.464488, 0.858073, 0.219)","(0.326795, -0.395923, 0.858167)"],"Bone 4 Finger 4":["(0.823077, -0.32704, -0.464315)","(0.446091, 0.878273, 0.172162)","(0.351492, -0.348829, 0.868776)"],"Bone 1 Finger 5":["(0.769498, -0.494523, -0.404129)","(0.581657, 0.803969, 0.123731)","(0.263719, -0.330275, 0.906295)"],"Bone 2 Finger 5":["(0.769869, -0.494989, -0.402849)","(0.611332, 0.753201, 0.242819)","(0.183234, -0.433214, 0.882469)"],"Bone 3 Finger 5":["(0.769869, -0.494989, -0.402849)","(0.596959, 0.781757, 0.180266)","(0.225701, -0.379266, 0.897339)"],"Bone 4 Finger 5":["(0.769869, -0.494989, -0.402849)","(0.58269, 0.802661, 0.12731)","(0.260335, -0.332748, 0.906369)"]}}{"frameID":1897578,"timeStamp":1461018785621,"hands":{"Hand 1":["957","Right","(-0.447556, 0.495705, -0.744292)","(-0.304876, -0.86702, -0.394116)","(16.9077, 175.842, 59.4049)","(0.984365, -1.52153, -1.74715)","(14.03, 173.968, 60.3832)","0","0","1"]},"pointables":{"Pointable 1":["9570","(-0.787362, 0.566073, -0.244179)","957","49.23347","(-54.17, 197.526, 99.1691)","(-54.2451, 199.311, 97.5453)","(1.27884, -2.02846, -0.65859)","False"],"Pointable 2":["9571","(-0.520279, 0.416069, -0.745786)","957","55.55447","(-54.2284, 222.779, 1.87145)","(-51.6692, 224.467, -0.150676)","(0.856713, -4.03602, -2.87583)","False"],"Pointable 3":["9572","(-0.446129, 0.344639, -0.82595)","957","63.29987","(-34.2713, 221.629, -24.7316)","(-31.8129, 224.421, -25.1933)","(0.559942, -2.14949, -1.32869)","False"],"Pointable 4":["9573","(-0.333645, 0.365648, -0.868898)","957","60.86451","(-4.02906, 217.354, -31.3318)","(-0.699582, 220.152, -31.9563)","(0.758714, -2.86005, -1.91656)","False"],"Pointable 5":["9574","(-0.237158, 0.364313, -0.900573)","957","47.71665","(25.4189, 200.499, -24.9559)","(28.9023, 204.488, -24.7554)","(0.220204, -2.14864, -1.73679)","False"]},"fingers":{"Finger 1":["(22.7327, 144.642, 108.005)","(22.7327, 144.642, 108.005)","(-15.2339, 171.798, 101.312)","(-40.5944, 190.031, 93.447)","(-58.1247, 202.334, 98.9364)","TYPE_THUMB"],"Finger 2":["(-12.9235, 190.514, 55.382)","(-12.9235, 190.514, 55.382)","(-33.3221, 209.85, 26.1035)","(-45.2018, 219.35, 9.07474)","(-53.8079, 225.231, -3.24881)","TYPE_INDEX"],"Finger 3":["(5.14254, 191.284, 44.8904)","(5.14254, 191.284, 44.8904)","(-13.6344, 210.696, 8.23047)","(-25.6189, 219.954, -13.9573)","(-33.9836, 224.84, -28.834)","TYPE_MIDDLE"],"Finger 4":["(25.2265, 187.22, 38.2945)","(25.2265, 187.22, 38.2945)","(12.7227, 205.688, 2.46031)","(3.99135, 215.257, -20.2784)","(-2.4147, 220.623, -35.8255)","TYPE_RING"],"Finger 5":["(42.7747, 178.941, 32.5784)","(42.7747, 178.941, 32.5784)","(36.4501, 193.237, 3.05907)","(32.0682, 199.968, -13.5807)","(27.586, 205.019, -28.3977)","TYPE_PINKY"]},"bones":{"Bone 1 Finger 1":["(0.523645, 0.851882, -0.00968765)","(-0.365565, 0.234952, 0.900644)","(0.769518, -0.468076, 0.434449)"],"Bone 2 Finger 1":["(0.579007, 0.815015, 0.0224009)","(-0.128572, 0.0641406, 0.989624)","(0.805121, -0.575879, 0.141926)"],"Bone 3 Finger 1":["(0.579007, 0.815015, 0.0224009)","(-0.21169, 0.123744, 0.969471)","(0.787362, -0.566073, 0.244179)"],"Bone 4 Finger 1":["(0.579007, 0.815015, 0.0224009)","(0.189892, -0.161522, 0.968427)","(0.792901, -0.556472, -0.248287)"],"Bone 1 Finger 2":["(0.753601, 0.033419, -0.656482)","(0.215116, 0.931175, 0.294343)","(0.621136, -0.363037, 0.694546)"],"Bone 2 Finger 2":["(0.818208, -0.00730175, -0.574876)","(0.279152, 0.879186, 0.386143)","(0.502603, -0.476423, 0.721395)"],"Bone 3 Finger 2":["(0.818208, -0.00730175, -0.574876)","(0.244633, 0.909304, 0.336632)","(0.520279, -0.416069, 0.745786)"],"Bone 4 Finger 2":["(0.818208, -0.00730175, -0.574876)","(0.215021, 0.93124, 0.294207)","(0.5332, -0.364333, 0.763518)"],"Bone 1 Finger 3":["(0.782802, -0.175172, -0.597106)","(0.353009, 0.915223, 0.194297)","(0.51245, -0.36288, 0.778276)"],"Bone 2 Finger 3":["(0.822893, -0.204887, -0.52997)","(0.390894, 0.881063, 0.266326)","(0.41237, -0.42632, 0.80511)"],"Bone 3 Finger 3":["(0.822893, -0.204887, -0.52997)","(0.351875, 0.916103, 0.192194)","(0.446129, -0.344639, 0.82595)"],"Bone 4 Finger 3":["(0.822893, -0.204887, -0.52997)","(0.317545, 0.9393, 0.129922)","(0.471182, -0.275202, 0.838005)"],"Bone 1 Finger 4":["(0.820828, -0.295155, -0.489005)","(0.424191, 0.888335, 0.17585)","(0.382497, -0.351774, 0.854372)"],"Bone 2 Finger 4":["(0.83656, -0.310051, -0.451702)","(0.460877, 0.844044, 0.274194)","(0.296243, -0.437559, 0.848989)"],"Bone 3 Finger 4":["(0.83656, -0.310051, -0.451702)","(0.434567, 0.877593, 0.202439)","(0.333645, -0.365648, 0.868898)"],"Bone 4 Finger 4":["(0.83656, -0.310051, -0.451702)","(0.410417, 0.900809, 0.141777)","(0.36294, -0.303992, 0.880831)"],"Bone 1 Finger 5":["(0.778133, -0.476579, -0.409122)","(0.578811, 0.797022, 0.172438)","(0.243899, -0.370984, 0.896038)"],"Bone 2 Finger 5":["(0.780599, -0.480368, -0.399889)","(0.595663, 0.765552, 0.243137)","(0.189341, -0.427992, 0.883727)"],"Bone 3 Finger 5":["(0.780599, -0.480368, -0.399889)","(0.578291, 0.797824, 0.170459)","(0.237158, -0.364313, 0.900573)"],"Bone 4 Finger 5":["(0.780599, -0.480368, -0.399889)","(0.561154, 0.820382, 0.10991)","(0.275265, -0.310195, 0.90995)"]}}{"frameID":1897786,"timeStamp":1461020621416,"hands":{"Hand 1":["957","Right","(-0.436439, 0.48938, -0.755002)","(-0.280275, -0.871335, -0.402768)","(17.5717, 173.047, 57.5553)","(2.45192, -0.0622599, -0.269651)","(15.3463, 173.98, 59.4025)","0","0","1"]},"pointables":{"Pointable 1":["9570","(-0.774412, 0.5192, -0.361548)","957","49.23347","(-54.5089, 197.297, 97.9182)","(-55.3642, 193.765, 89.9416)","(-0.70976, -2.80586, -9.55029)","False"],"Pointable 2":["9571","(-0.537574, 0.291937, -0.791067)","957","55.55447","(-53.8505, 220.179, -0.4532)","(-52.887, 211.048, -6.69428)","(4.34273, -5.78194, -6.35339)","False"],"Pointable 3":["9572","(-0.454213, 0.230867, -0.86046)","957","63.29987","(-33.617, 219.016, -26.5498)","(-32.439, 210.428, -30.9551)","(5.26623, -7.56025, -5.11195)","False"],"Pointable 4":["9573","(-0.329328, 0.26546, -0.906131)","957","60.86451","(-2.59141, 215.338, -33.0796)","(-0.0420211, 208.106, -37.2522)","(5.26216, -7.20423, -2.99142)","False"],"Pointable 5":["9574","(-0.228205, 0.273739, -0.934339)","957","47.71665","(26.9725, 199.727, -25.9627)","(30.0922, 195.49, -28.5281)","(4.75315, -5.44459, -0.318587)","False"]},"fingers":{"Finger 1":["(22.6623, 141.873, 106.254)","(22.6623, 141.873, 106.254)","(-16.2605, 167.595, 99.3879)","(-41.2039, 184.318, 87.7426)","(-59.6306, 196.31, 90.079)","TYPE_THUMB"],"Finger 2":["(-12.3851, 187.231, 52.7833)","(-12.3851, 187.231, 52.7833)","(-33.9082, 200.753, 21.143)","(-46.1829, 207.419, 3.08021)","(-54.941, 211.596, -9.81805)","TYPE_INDEX"],"Finger 3":["(5.92917, 188.315, 42.7602)","(5.92917, 188.315, 42.7602)","(-14.0328, 201.141, 3.89676)","(-26.2345, 207.342, -19.2181)","(-34.5022, 210.724, -34.5596)","TYPE_MIDDLE"],"Finger 4":["(26.2403, 184.593, 36.6781)","(26.2403, 184.593, 36.6781)","(13.0619, 197.474, -1.29456)","(4.44355, 204.421, -25.0077)","(-1.60122, 208.543, -41.0704)","TYPE_RING"],"Finger 5":["(44.064, 176.613, 31.4057)","(44.064, 176.613, 31.4057)","(37.2207, 186.93, 0.381467)","(33.0041, 191.988, -16.8822)","(28.9927, 195.988, -32.1484)","TYPE_PINKY"]},"bones":{"Bone 1 Finger 1":["(0.509558, 0.860423, 0.00470284)","(-0.392403, 0.227517, 0.891211)","(0.765749, -0.455969, 0.453565)"],"Bone 2 Finger 1":["(0.547709, 0.836211, 0.027682)","(-0.136862, 0.0569047, 0.988954)","(0.825399, -0.545448, 0.145613)"],"Bone 3 Finger 1":["(0.547709, 0.836211, 0.027682)","(-0.316703, 0.176586, 0.931943)","(0.774412, -0.5192, 0.361548)"],"Bone 4 Finger 1":["(0.547709, 0.836211, 0.027682)","(0.0733514, -0.0809503, 0.994015)","(0.833447, -0.542401, -0.105674)"],"Bone 1 Finger 2":["(0.76955, 0.0468519, -0.636865)","(0.192057, 0.934151, 0.300792)","(0.609021, -0.353789, 0.709878)"],"Bone 2 Finger 2":["(0.828734, 0.00979098, -0.559557)","(0.1788, 0.942812, 0.28131)","(0.530311, -0.33318, 0.77959)"],"Bone 3 Finger 2":["(0.828734, 0.00979098, -0.559557)","(0.15561, 0.956387, 0.247201)","(0.537574, -0.291937, 0.791067)"],"Bone 4 Finger 2":["(0.828734, 0.00979098, -0.559557)","(0.136971, 0.96589, 0.219762)","(0.542622, -0.258767, 0.799125)"],"Bone 1 Finger 3":["(0.800664, -0.161318, -0.576987)","(0.332718, 0.920629, 0.204305)","(0.498233, -0.355553, 0.790788)"],"Bone 2 Finger 3":["(0.844876, -0.194771, -0.498245)","(0.306582, 0.939533, 0.152595)","(0.438397, -0.281677, 0.853502)"],"Bone 3 Finger 3":["(0.844876, -0.194771, -0.498245)","(0.282621, 0.953292, 0.106587)","(0.454213, -0.230867, 0.86046)"],"Bone 4 Finger 3":["(0.844876, -0.194771, -0.498245)","(0.263233, 0.962172, 0.0702391)","(0.465717, -0.190498, 0.864186)"],"Bone 1 Finger 4":["(0.837881, -0.280821, -0.468076)","(0.404785, 0.894948, 0.187664)","(0.366203, -0.34671, 0.863532)"],"Bone 2 Finger 4":["(0.862626, -0.305647, -0.403058)","(0.397985, 0.901909, 0.167832)","(0.312225, -0.305187, 0.899654)"],"Bone 3 Finger 4":["(0.862626, -0.305647, -0.403058)","(0.383953, 0.914391, 0.128335)","(0.329328, -0.26546, 0.906131)"],"Bone 4 Finger 4":["(0.862626, -0.305647, -0.403058)","(0.372277, 0.923063, 0.0967696)","(0.342471, -0.233525, 0.910044)"],"Bone 1 Finger 5":["(0.796157, -0.463047, -0.389515)","(0.56093, 0.806205, 0.188125)","(0.226918, -0.368268, 0.901602)"],"Bone 2 Finger 5":["(0.807558, -0.482837, -0.3387)","(0.553062, 0.819433, 0.150507)","(0.204871, -0.308866, 0.928779)"],"Bone 3 Finger 5":["(0.807558, -0.482837, -0.3387)","(0.543849, 0.831826, 0.110874)","(0.228205, -0.273739, 0.934339)"],"Bone 4 Finger 5":["(0.807558, -0.482837, -0.3387)","(0.535873, 0.840555, 0.0794138)","(0.246352, -0.245632, 0.937537)"]}}{"frameID":1897841,"timeStamp":1461021115793,"hands":{"Hand 1":["957","Right","(-0.444831, 0.490637, -0.749267)","(-0.177539, -0.8683, -0.463179)","(16.0787, 167.102, 55.8153)","(-10.1526, 26.4834, 14.6384)","(16.1569, 171.368, 57.8963)","0","0","1"]},"pointables":{"Pointable 1":["9570","(-0.831696, 0.54606, -0.100499)","957","49.23347","(-55.2103, 194.718, 98.2387)","(-58.906, 183.712, 101.913)","(-0.860351, 36.9537, 21.5577)","False"],"Pointable 2":["9571","(-0.544017, 0.367208, -0.754456)","957","55.55447","(-53.8549, 213.263, -4.3337)","(-55.91, 206.717, -6.94068)","(-13.3337, 45.9648, 27.6667)","False"],"Pointable 3":["9572","(-0.435174, 0.316143, -0.843017)","957","63.29987","(-32.4624, 214.08, -29.3049)","(-33.3475, 209.747, -31.1933)","(-16.3279, 48.5009, 25.4193)","False"],"Pointable 4":["9573","(-0.306733, 0.320499, -0.896212)","957","60.86451","(0.229108, 210.366, -35.9915)","(-0.219833, 207.832, -37.1005)","(-17.2469, 34.123, 18.0481)","False"],"Pointable 5":["9574","(-0.149361, 0.31798, -0.936258)","957","47.71665","(32.5238, 196.786, -27.8856)","(33.8843, 196.126, -28.6015)","(-18.1802, 27.3718, 13.9289)","False"]},"fingers":{"Finger 1":["(21.8021, 133.732, 102.964)","(21.8021, 133.732, 102.964)","(-17.6963, 159.335, 100.124)","(-44.4849, 176.923, 96.8866)","(-62.5249, 187.068, 104.661)","TYPE_THUMB"],"Finger 2":["(-14.8269, 178.735, 50.2592)","(-14.8269, 178.735, 50.2592)","(-36.7437, 194.991, 20.2154)","(-49.1654, 203.375, 2.98863)","(-57.9902, 208.858, -9.36378)","TYPE_INDEX"],"Finger 3":["(3.75275, 182.078, 41.2773)","(3.75275, 182.078, 41.2773)","(-15.6047, 198.35, 3.4112)","(-27.2949, 206.843, -19.2351)","(-35.153, 211.859, -34.3427)","TYPE_MIDDLE"],"Finger 4":["(24.5873, 180.595, 36.0705)","(24.5873, 180.595, 36.0705)","(12.1157, 195.554, -1.37561)","(4.08865, 203.941, -24.8291)","(-1.47938, 209.113, -40.76)","TYPE_RING"],"Finger 5":["(43.3125, 174.605, 31.3122)","(43.3125, 174.605, 31.3122)","(38.958, 186.377, 0.356965)","(36.1983, 192.252, -16.9422)","(33.522, 196.976, -32.2937)","TYPE_PINKY"]},"bones":{"Bone 1 Finger 1":["(0.425236, 0.90175, 0.0775973)","(-0.453482, 0.138078, 0.880505)","(0.783281, -0.409611, 0.467643)"],"Bone 2 Finger 1":["(0.531135, 0.835205, 0.142574)","(-0.127709, -0.0874331, 0.98795)","(0.837607, -0.542943, 0.0602248)"],"Bone 3 Finger 1":["(0.531135, 0.835205, 0.142574)","(-0.161791, -0.0651994, 0.984669)","(0.831696, -0.54606, 0.100499)"],"Bone 4 Finger 1":["(0.531135, 0.835205, 0.142574)","(0.228273, -0.303105, 0.925213)","(0.815957, -0.458868, -0.351645)"],"Bone 1 Finger 2":["(0.790691, 0.154354, -0.592437)","(0.0886611, 0.928623, 0.360276)","(0.605761, -0.337393, 0.720569)"],"Bone 2 Finger 2":["(0.833084, 0.129133, -0.537861)","(0.119833, 0.907143, 0.4034)","(0.54001, -0.40052, 0.740252)"],"Bone 3 Finger 2":["(0.833084, 0.129133, -0.537861)","(0.100082, 0.921131, 0.376166)","(0.544017, -0.367208, 0.754456)"],"Bone 4 Finger 2":["(0.833084, 0.129133, -0.537861)","(0.0838635, 0.931641, 0.353569)","(0.546752, -0.33966, 0.765306)"],"Bone 1 Finger 3":["(0.838485, -0.0532321, -0.542318)","(0.234338, 0.933717, 0.270663)","(0.491964, -0.354033, 0.795382)"],"Bone 2 Finger 3":["(0.873241, -0.0798147, -0.480707)","(0.238166, 0.930545, 0.278142)","(0.42512, -0.357373, 0.831599)"],"Bone 3 Finger 3":["(0.873241, -0.0798147, -0.480707)","(0.219257, 0.945348, 0.241336)","(0.435174, -0.316143, 0.843017)"],"Bone 4 Finger 3":["(0.873241, -0.0798147, -0.480707)","(0.203753, 0.955923, 0.211415)","(0.442645, -0.282562, 0.851014)"],"Bone 1 Finger 4":["(0.881675, -0.174986, -0.438211)","(0.309209, 0.915766, 0.256442)","(0.356425, -0.361597, 0.861515)"],"Bone 2 Finger 4":["(0.903348, -0.198554, -0.380182)","(0.310892, 0.913768, 0.261484)","(0.295479, -0.354407, 0.88718)"],"Bone 3 Finger 4":["(0.903348, -0.198554, -0.380182)","(0.299794, 0.926206, 0.228619)","(0.306733, -0.320499, 0.896212)"],"Bone 4 Finger 4":["(0.903348, -0.198554, -0.380182)","(0.290596, 0.935275, 0.202028)","(0.315461, -0.292981, 0.902578)"],"Bone 1 Finger 5":["(0.853711, -0.36455, -0.371862)","(0.472844, 0.841833, 0.260261)","(0.218167, -0.39802, 0.891057)"],"Bone 2 Finger 5":["(0.871879, -0.404271, -0.276392)","(0.472052, 0.844013, 0.254576)","(0.130361, -0.352431, 0.926714)"],"Bone 3 Finger 5":["(0.871879, -0.404271, -0.276392)","(0.466389, 0.857586, 0.216858)","(0.149361, -0.31798, 0.936258)"],"Bone 4 Finger 5":["(0.871879, -0.404271, -0.276392)","(0.461319, 0.867414, 0.186489)","(0.164355, -0.290101, 0.942777)"]}}{"frameID":1897898,"timeStamp":1461021610087,"hands":{"Hand 1":["957","Right","(-0.51306, 0.507335, -0.692374)","(-0.305783, -0.86174, -0.404847)","(3.00951, 198.251, 97.0631)","(-129.377, 302.978, 348.547)","(15.0684, 173.195, 61.2311)","0","0","0.8561459"]},"pointables":{"Pointable 1":["9570","(-0.761592, 0.567726, -0.312513)","957","49.37823","(-56.2333, 196.186, 101.703)","(-66.0961, 222.494, 135.47)","(-102.704, 313.629, 267.972)","False"],"Pointable 2":["9571","(-0.571202, 0.484219, -0.662767)","957","55.71783","(-57.9797, 221.425, 7.57542)","(-74.1287, 252.394, 43.5537)","(-146.431, 306.745, 368.548)","False"],"Pointable 3":["9572","(-0.522646, 0.437003, -0.732031)","957","63.486","(-39.8911, 228, -11.4437)","(-56.7827, 256.01, 17.6)","(-186.247, 300.827, 376.098)","False"],"Pointable 4":["9573","(-0.417835, 0.486478, -0.767303)","957","61.04348","(-10.0274, 228.923, -14.4891)","(-24.917, 253.927, 8.80888)","(-194.771, 305.987, 366.435)","False"],"Pointable 5":["9574","(-0.360235, 0.49368, -0.791524)","957","47.85696","(17.4822, 217.972, -3.56072)","(5.24376, 236.825, 13.5288)","(-207.944, 300.511, 358.592)","False"]},"fingers":{"Finger 1":["(13.1744, 165.438, 144.065)","(13.1744, 165.438, 144.065)","(-24.7886, 193.317, 139.78)","(-49.3912, 211.657, 129.684)","(-67.1925, 224.546, 132.631)","TYPE_THUMB"],"Finger 2":["(-27.5426, 212.127, 95.6581)","(-27.5426, 212.127, 95.6581)","(-49.9919, 234.144, 69.809)","(-63.0727, 245.233, 54.6313)","(-72.5588, 252.264, 43.5572)","TYPE_INDEX"],"Finger 3":["(-10.2348, 213.86, 83.951)","(-10.2348, 213.86, 83.951)","(-32.5137, 237.259, 51.6755)","(-46.595, 249.033, 31.9529)","(-56.3688, 255.636, 18.6157)","TYPE_MIDDLE"],"Finger 4":["(9.50843, 210.677, 75.8155)","(9.50843, 210.677, 75.8155)","(-6.82718, 233.594, 44.1934)","(-17.7939, 246.362, 24.0544)","(-25.6464, 254.116, 10.2127)","TYPE_RING"],"Finger 5":["(26.9032, 203.156, 68.5741)","(26.9032, 203.156, 68.5741)","(16.1508, 221.358, 42.5846)","(9.47526, 230.506, 27.9167)","(3.07522, 237.865, 14.8174)","TYPE_PINKY"]},"bones":{"Bone 1 Finger 1":["(0.496124, 0.868149, -0.0133334)","(-0.308497, 0.190611, 0.931932)","(0.811598, -0.458241, 0.362388)"],"Bone 2 Finger 1":["(0.589446, 0.80725, 0.0300147)","(-0.0908295, 0.0293112, 0.995435)","(0.802685, -0.589481, 0.0905994)"],"Bone 3 Finger 1":["(0.589446, 0.80725, 0.0300147)","(-0.269316, 0.161351, 0.949439)","(0.761592, -0.567726, 0.312513)"],"Bone 4 Finger 1":["(0.589446, 0.80725, 0.0300147)","(0.0898146, -0.102417, 0.990679)","(0.802799, -0.581256, -0.132872)"],"Bone 1 Finger 2":["(0.704509, 0.0812341, -0.70503)","(0.207397, 0.926495, 0.313995)","(0.678715, -0.367433, 0.635877)"],"Bone 2 Finger 2":["(0.771864, 0.0422142, -0.634384)","(0.316331, 0.840027, 0.440782)","(0.551507, -0.540899, 0.635033)"],"Bone 3 Finger 2":["(0.771864, 0.0422142, -0.634384)","(0.279203, 0.873928, 0.397864)","(0.571202, -0.484219, 0.662767)"],"Bone 4 Finger 2":["(0.771864, 0.0422142, -0.634384)","(0.246637, 0.899777, 0.359961)","(0.586, -0.434303, 0.684094)"],"Bone 1 Finger 3":["(0.743981, -0.128297, -0.655768)","(0.338367, 0.918599, 0.204165)","(0.576194, -0.373786, 0.726832)"],"Bone 2 Finger 3":["(0.763823, -0.141389, -0.629749)","(0.422592, 0.847044, 0.322386)","(0.487844, -0.512372, 0.706741)"],"Bone 3 Finger 3":["(0.763823, -0.141389, -0.629749)","(0.378704, 0.888278, 0.259896)","(0.522646, -0.437003, 0.732031)"],"Bone 4 Finger 3":["(0.763823, -0.141389, -0.629749)","(0.339461, 0.917863, 0.205656)","(0.548946, -0.37086, 0.74908)"],"Bone 1 Finger 4":["(0.793025, -0.250785, -0.555174)","(0.408852, 0.894702, 0.179857)","(0.451609, -0.369616, 0.812055)"],"Bone 2 Finger 4":["(0.780264, -0.240492, -0.577367)","(0.492216, 0.805656, 0.329607)","(0.385891, -0.54137, 0.746998)"],"Bone 3 Finger 4":["(0.780264, -0.240492, -0.577367)","(0.465406, 0.839942, 0.279095)","(0.417835, -0.486478, 0.767303)"],"Bone 4 Finger 4":["(0.780264, -0.240492, -0.57