{"frameID":3103978,"timeStamp":1505861582501,"hands":[],"pointables":[],"fingers":[],"bones":[]}{"frameID":3104029,"timeStamp":1505862059615,"hands":[],"pointables":[],"fingers":[],"bones":[]}{"frameID":3110114,"timeStamp":1505944061394,"hands":[],"pointables":[],"fingers":[],"bones":[]}{"frameID":3110143,"timeStamp":1505944570282,"hands":[],"pointables":[],"fingers":[],"bones":[]}{"frameID":3110172,"timeStamp":1505945067121,"hands":[],"pointables":[],"fingers":[],"bones":[]}{"frameID":3110201,"timeStamp":1505945570274,"hands":[],"pointables":[],"fingers":[],"bones":[]}{"frameID":3110226,"timeStamp":1505946038682,"hands":[],"pointables":[],"fingers":[],"bones":[]}{"frameID":3110311,"timeStamp":1505947564807,"hands":[],"pointables":[],"fingers":[],"bones":[]}{"frameID":3114829,"timeStamp":1506010141398,"hands":[],"pointables":[],"fingers":[],"bones":[]}{"frameID":3114857,"timeStamp":1506010639367,"hands":[],"pointables":[],"fingers":[],"bones":[]}{"frameID":3117376,"timeStamp":1506043294278,"hands":[],"pointables":[],"fingers":[],"bones":[]}{"frameID":3117404,"timeStamp":1506043797092,"hands":[],"pointables":[],"fingers":[],"bones":[]}{"frameID":3117429,"timeStamp":1506044248043,"hands":[],"pointables":[],"fingers":[],"bones":[]}{"frameID":3118085,"timeStamp":1506055834928,"hands":[],"pointables":[],"fingers":[],"bones":[]}{"frameID":3118178,"timeStamp":1506057481468,"hands":[],"pointables":[],"fingers":[],"bones":[]}{"frameID":3118206,"timeStamp":1506057967027,"hands":[],"pointables":[],"fingers":[],"bones":[]}{"frameID":3118235,"timeStamp":1506058470007,"hands":[],"pointables":[],"fingers":[],"bones":[]}{"frameID":3118263,"timeStamp":1506058975186,"hands":[],"pointables":[],"fingers":[],"bones":[]}{"frameID":3118291,"timeStamp":1506059476071,"hands":[],"pointables":[],"fingers":[],"bones":[]}{"frameID":3118318,"timeStamp":1506059944351,"hands":[],"pointables":[],"fingers":[],"bones":[]}{"frameID":3118347,"timeStamp":1506060481924,"hands":[],"pointables":[],"fingers":[],"bones":[]}{"frameID":3118375,"timeStamp":1506060967489,"hands":[],"pointables":[],"fingers":[],"bones":[]}{"frameID":3118402,"timeStamp":1506061454794,"hands":[],"pointables":[],"fingers":[],"bones":[]}{"frameID":3118432,"timeStamp":1506061973571,"hands":[],"pointables":[],"fingers":[],"bones":[]}{"frameID":3121898,"timeStamp":1506137474990,"hands":[],"pointables":[],"fingers":[],"bones":[]}{"frameID":3122036,"timeStamp":1506139991082,"hands":[],"pointables":[],"fingers":[],"bones":[]}{"frameID":3122362,"timeStamp":1506149595079,"hands":[],"pointables":[],"fingers":[],"bones":[]}{"frameID":3122390,"timeStamp":1506150080727,"hands":[],"pointables":[],"fingers":[],"bones":[]}{"frameID":3123211,"timeStamp":1506162127018,"hands":[],"pointables":[],"fingers":[],"bones":[]}{"frameID":3123267,"timeStamp":1506162630797,"hands":[],"pointables":[],"fingers":[],"bones":[]}{"frameID":3123325,"timeStamp":1506163131994,"hands":[],"pointables":[],"fingers":[],"bones":[]}{"frameID":3123382,"timeStamp":1506163643803,"hands":[],"pointables":[],"fingers":[],"bones":[]}{"frameID":3123436,"timeStamp":1506164129342,"hands":[],"pointables":[],"fingers":[],"bones":[]}{"frameID":3123494,"timeStamp":1506164632261,"hands":[],"pointables":[],"fingers":[],"bones":[]}{"frameID":3123550,"timeStamp":1506165143818,"hands":[],"pointables":[],"fingers":[],"bones":[]}{"frameID":3123606,"timeStamp":1506165638214,"hands":[],"pointables":[],"fingers":[],"bones":[]}{"frameID":3123660,"timeStamp":1506166141186,"hands":[],"pointables":[],"fingers":[],"bones":[]}{"frameID":3123715,"timeStamp":1506166626927,"hands":[],"pointables":[],"fingers":[],"bones":[]}{"frameID":3123772,"timeStamp":1506167138434,"hands":[],"pointables":[],"fingers":[],"bones":[]}{"frameID":3124264,"timeStamp":1506171639150,"hands":[],"pointables":[],"fingers":[],"bones":[]}{"frameID":3124321,"timeStamp":1506172133548,"hands":[],"pointables":[],"fingers":[],"bones":[]}{"frameID":3124377,"timeStamp":1506172636749,"hands":[],"pointables":[],"fingers":[],"bones":[]}{"frameID":3124435,"timeStamp":1506173139367,"hands":[],"pointables":[],"fingers":[],"bones":[]}{"frameID":3124487,"timeStamp":1506173625092,"hands":[],"pointables":[],"fingers":[],"bones":[]}{"frameID":3124514,"timeStamp":1506174128021,"hands":[],"pointables":[],"fingers":[],"bones":[]}{"frameID":3124541,"timeStamp":1506174613616,"hands":[],"pointables":[],"fingers":[],"bones":[]}{"frameID":3124571,"timeStamp":1506175133957,"hands":[],"pointables":[],"fingers":[],"bones":[]}{"frameID":3124600,"timeStamp":1506175636940,"hands":[],"pointables":[],"fingers":[],"bones":[]}{"frameID":3124627,"timeStamp":1506176123324,"hands":[],"pointables":[],"fingers":[],"bones":[]}{"frameID":3124770,"timeStamp":1506178638740,"hands":[],"pointables":[],"fingers":[],"bones":[]}{"frameID":3124799,"timeStamp":1506179140797,"hands":[],"pointables":[],"fingers":[],"bones":[]}{"frameID":3124824,"timeStamp":1506179625993,"hands":[],"pointables":[],"fingers":[],"bones":[]}{"frameID":3124852,"timeStamp":1506180111602,"hands":[],"pointables":[],"fingers":[],"bones":[]}{"frameID":3124880,"timeStamp":1506180622787,"hands":[],"pointables":[],"fingers":[],"bones":[]}{"frameID":3124910,"timeStamp":1506181134905,"hands":[],"pointables":[],"fingers":[],"bones":[]}{"frameID":3124937,"timeStamp":1506181620580,"hands":[],"pointables":[],"fingers":[],"bones":[]}{"frameID":3124967,"timeStamp":1506182140979,"hands":[],"pointables":[],"fingers":[],"bones":[]}{"frameID":3124995,"timeStamp":1506182626506,"hands":[],"pointables":[],"fingers":[],"bones":[]}{"frameID":3125975,"timeStamp":1506212828303,"hands":[],"pointables":[],"fingers":[],"bones":[]}{"frameID":3126026,"timeStamp":1506213314196,"hands":[{"Hand1":["1184","Right","(-0.249899, 0.266965, -0.930742)","(-0.0720591, -0.963702, -0.257071)","(15.1114, 129.816, -7.71863)","(-21.6592, 26.9903, -4.77965)","(6.9833, 128.97, 5.36625)","0","0","0.9023125"]}],"pointables":[],"fingers":[],"bones":[]}{"frameID":3126074,"timeStamp":1506213812387,"hands":[{"Hand1":["1184","Right","(-0.418467, 0.131674, -0.898636)","(-0.128961, -0.988024, -0.084719)","(-28.7445, 132.35, -4.04846)","(-37.2783, 21.8536, 18.3748)","(-28.1797, 131.89, -4.41778)","0","0","0.9633374"]}],"pointables":[],"fingers":[],"bones":[]}{"frameID":3126128,"timeStamp":1506214302498,"hands":[{"Hand1":["1184","Right","(-0.224147, 0.0852548, -0.970819)","(0.0663038, -0.992524, -0.102469)","(15.1954, 132.432, -13.6331)","(158.453, -20.2469, -30.8264)","(10.8732, 132.998, -12.7331)","0","0","0.9339538"]}],"pointables":[],"fingers":[],"bones":[]}{"frameID":3126183,"timeStamp":1506214805438,"hands":[{"Hand1":["1184","Right","(-0.233972, 0.0407174, -0.97139)","(0.146738, -0.986199, -0.0766819)","(14.4549, 128.392, -8.53085)","(-68.6762, 11.4287, 6.21368)","(20.9559, 127.933, -9.81227)","0","0","0.8954009"]}],"pointables":[],"fingers":[],"bones":[]}{"frameID":3126236,"timeStamp":1506215308388,"hands":[{"Hand1":["1184","Right","(-0.338522, -0.0111461, -0.940892)","(0.141808, -0.989114, -0.0393035)","(-39.3588, 115.31, 36.6009)","(-431.828, -164.816, 524.707)","(-22.7099, 121.148, 19.0345)","0","0","0.8894237"]}],"pointables":[],"fingers":[],"bones":[]}{"frameID":3126288,"timeStamp":1506215785434,"hands":[],"pointables":[],"fingers":[],"bones":[]}{"frameID":3129429,"timeStamp":1506281980938,"hands":[],"pointables":[],"fingers":[],"bones":[]}{"frameID":3129456,"timeStamp":1506282477737,"hands":[],"pointables":[],"fingers":[],"bones":[]}{"frameID":3129787,"timeStamp":1506291670479,"hands":[],"pointables":[],"fingers":[],"bones":[]}{"frameID":3129814,"timeStamp":1506292156046,"hands":[{"Hand 1":["1185","Right","(-0.257031, 0.414823, -0.872844)","(-0.0760162, -0.909068, -0.409654)","(1.04982, 139.044, 16.0277)","(101.175, -14.5797, -173.71)","(-32.8522, 137.056, 79.6748)","0","0","0.7141104"]}],"pointables":[{"Pointable 1":["11850","(-0.752905, 0.501522, -0.426158)","1185","49.29279","(-113.946, 148.169, 108.785)","(-78.4407, 156.637, 26.261)","(99.8197, 27.2615, -202.977)","False"]},{"Pointable 2":["11851","(-0.297065, 0.313658, -0.901871)","1185","55.62141","(-89.7856, 172.978, 8.03182)","(-49.4695, 177.135, -62.901)","(156.562, 19.3289, -207.771)","False"]},{"Pointable 3":["11852","(-0.159279, 0.234219, -0.959047)","1185","63.37613","(-48.4377, 175.649, -45.3039)","(-19.7918, 177.661, -81.5872)","(174.932, 21.4556, -193.686)","False"]},{"Pointable 4":["11853","(-0.0549751, 0.164741, -0.984804)","1185","60.93784","(-4.20858, 170.342, -64.2568)","(10.6132, 170.303, -79.9194)","(190.912, 4.9116, -179.629)","False"]},{"Pointable 5":["11854","(0.0239213, 0.0712811, -0.997169)","1185","47.77414","(27.6198, 156.262, -54.1682)","(37.306, 154.46, -63.4593)","(159.644, -39.8713, -160.162)","False"]}],"fingers":[{"Finger 1":["(-4.48749, 110.174, 66.1604)","(-4.48749, 110.174, 66.1604)","(-41.2807, 134.035, 48.668)","(-65.5607, 150.208, 34.9251)","(-82.2839, 161.32, 25.6053)","TYPE_THUMB"]},{"Finger 2":["(-27.6858, 149.789, 2.50421)","(-27.6858, 149.789, 2.50421)","(-39.187, 171.103, -30.1243)","(-45.9781, 178.273, -50.7418)","(-50.7632, 180.141, -66.0637)","TYPE_INDEX"]},{"Finger 3":["(-7.48897, 152.5, -2.27462)","(-7.48897, 152.5, -2.27462)","(-12.6345, 173.493, -42.4142)","(-16.9184, 179.793, -68.2085)","(-20.3244, 180.299, -85.6456)","TYPE_MIDDLE"]},{"Finger 4":["(13.9937, 150.775, -2.43085)","(13.9937, 150.775, -2.43085)","(14.496, 168.095, -40.974)","(13.0556, 172.411, -66.777)","(11.1319, 171.476, -84.3189)","TYPE_RING"]},{"Finger 5":["(33.2714, 144.572, -2.219)","(33.2714, 144.572, -2.219)","(38.4117, 156.16, -33.1669)","(38.8542, 157.479, -51.6136)","(37.459, 154.83, -67.6394)","TYPE_PINKY"]}],"bones":[{"Bone 1":["(0.405509, 0.909711, 0.0893729)","(-0.64104, 0.213316, 0.737268)","(0.651636, -0.35626, 0.669663)"]},{"Bone 2":["(0.479197, 0.861603, 0.167363)","(-0.403807, 0.0471164, 0.91363)","(0.779301, -0.505391, 0.370499)"]},{"Bone 3":["(0.479197, 0.861603, 0.167363)","(-0.451115, 0.0782054, 0.889033)","(0.752905, -0.501522, 0.426158)"]},{"Bone 4":["(0.479197, 0.861603, 0.167363)","(-0.446771, 0.0753159, 0.891472)","(0.75549, -0.501964, 0.421031)"]},{"Bone 1":["(0.906576, 0.10804, -0.407979)","(0.0135931, 0.958702, 0.284087)","(0.421823, -0.263092, 0.867668)"]},{"Bone 2":["(0.954513, 0.0721922, -0.289298)","(0.0937766, 0.848327, 0.521102)","(0.283038, -0.524528, 0.802969)"]},{"Bone 3":["(0.954513, 0.0721922, -0.289298)","(0.0256323, 0.946788, 0.320836)","(0.297065, -0.313658, 0.901871)"]},{"Bone 4":["(0.954513, 0.0721922, -0.289298)","(-0.0350149, 0.990673, 0.131687)","(0.296106, -0.115567, 0.948138)"]},{"Bone 1":["(0.939542, -0.0935269, -0.329415)","(0.175923, 0.957157, 0.230004)","(0.29379, -0.27405, 0.915742)"]},{"Bone 2":["(0.97212, -0.132123, -0.193717)","(0.205532, 0.877783, 0.432728)","(0.112868, -0.460479, 0.880466)"]},{"Bone 3":["(0.97212, -0.132123, -0.193717)","(0.172084, 0.963164, 0.206645)","(0.159279, -0.234219, 0.959047)"]},{"Bone 4":["(0.97212, -0.132123, -0.193717)","(0.135134, 0.990825, 0.00235208)","(0.191629, -0.0284642, 0.981055)"]},{"Bone 1":["(0.956582, -0.204723, -0.207461)","(0.251875, 0.938805, 0.234955)","(0.146664, -0.277008, 0.949608)"]},{"Bone 2":["(0.967221, -0.236101, -0.0934892)","(0.253658, 0.881064, 0.399229)","(-0.0118885, -0.409857, 0.912072)"]},{"Bone 3":["(0.967221, -0.236101, -0.0934892)","(0.247915, 0.957662, 0.146361)","(0.0549751, -0.164741, 0.984804)"]},{"Bone 4":["(0.967221, -0.236101, -0.0934892)","(0.229421, 0.970288, -0.0768563)","(0.108857, 0.0528886, 0.992649)"]},{"Bone 1":["(0.912273, -0.387692, -0.13211)","(0.409553, 0.867349, 0.282794)","(0.0049484, -0.312091, 0.950039)"]},{"Bone 2":["(0.905311, -0.424662, -0.00863857)","(0.395966, 0.836427, 0.378948)","(-0.153699, -0.346486, 0.925378)"]},{"Bone 3":["(0.905311, -0.424662, -0.00863857)","(0.424076, 0.902542, 0.07469)","(-0.0239213, -0.0712811, 0.997169)"]},{"Bone 4":["(0.905311, -0.424662, -0.00863857)","(0.416039, 0.890658, -0.18341)","(0.0855813, 0.162449, 0.982999)"]}]}{"frameID":3129842,"timeStamp":1506292659235,"hands":[{"Hand 1":["1185","Right","(-0.362627, 0.23472, -0.901891)","(-0.0363625, -0.97059, -0.237978)","(-28.0367, 135.467, -2.35908)","(-121.976, 17.8014, 11.4135)","(-26.697, 135.24, -1.99649)","0","0","0.8634468"]}],"pointables":[{"Pointable 1":["11850","(-0.766729, 0.453968, -0.453917)","1185","49.29279","(-102.798, 160.142, 21.5277)","(-105.443, 161.047, 20.7428)","(-106.434, 48.2279, 39.5037)","False"]},{"Pointable 2":["11851","(-0.361704, 0.428347, -0.828063)","1185","55.62141","(-85.1456, 175.23, -77.0378)","(-86.302, 173.794, -77.2917)","(-123.186, 61.5519, 35.2106)","False"]},{"Pointable 3":["11852","(-0.222981, 0.377268, -0.898859)","1185","63.37613","(-57.4509, 179.089, -98.5114)","(-58.2217, 177.333, -98.8869)","(-129.4, 50.486, 28.1892)","False"]},{"Pointable 4":["11853","(-0.100301, 0.341938, -0.934354)","1185","60.93784","(-24.7362, 174.31, -99.6996)","(-25.6029, 172.609, -100.039)","(-134.538, 50.0575, 24.3976)","False"]},{"Pointable 5":["11854","(0.0161051, 0.283828, -0.95874)","1185","47.77414","(4.43218, 159.398, -85.5842)","(3.37628, 157.704, -85.7991)","(-129.427, 45.2101, 15.713)","False"]}],"fingers":[{"Finger 1":["(-26.9602, 115.714, 52.2861)","(-26.9602, 115.714, 52.2861)","(-66.2671, 138.503, 39.4529)","(-90.9928, 153.143, 24.8149)","(-109.68, 163.925, 19.8627)","TYPE_THUMB"]},{"Finger 2":["(-58.5882, 141.734, -14.6634)","(-58.5882, 141.734, -14.6634)","(-73.0612, 161.122, -47.31)","(-81.33, 170.915, -66.2402)","(-87.2409, 177.104, -79.9477)","TYPE_INDEX"]},{"Finger 3":["(-39.1539, 144.856, -21.7812)","(-39.1539, 144.856, -21.7812)","(-48.7129, 164.779, -61.6567)","(-54.7101, 174.926, -85.8322)","(-58.8714, 180.651, -102.136)","TYPE_MIDDLE"]},{"Finger 4":["(-17.6923, 144.53, -23.7303)","(-17.6923, 144.53, -23.7303)","(-21.1836, 161.882, -62.1037)","(-23.8116, 170.841, -86.5849)","(-25.8545, 175.771, -103.432)","TYPE_RING"]},{"Finger 5":["(1.97375, 139.731, -24.3346)","(1.97375, 139.731, -24.3346)","(3.56848, 151.782, -55.4906)","(3.86641, 157.033, -73.2264)","(3.67891, 160.545, -89.1455)","TYPE_PINKY"]}],"bones":[{"Bone 1":["(0.336486, 0.935452, -0.108197)","(-0.591662, 0.2994, 0.748529)","(0.732608, -0.187853, 0.654215)"]},{"Bone 2":["(0.491285, 0.870066, 0.0403146)","(-0.255955, 0.0999743, 0.961505)","(0.832542, -0.482691, 0.271814)"]},{"Bone 3":["(0.491285, 0.870066, 0.0403146)","(-0.413239, 0.192092, 0.890131)","(0.766729, -0.453968, 0.453917)"]},{"Bone 4":["(0.491285, 0.870066, 0.0403146)","(-0.214285, 0.0758745, 0.97382)","(0.844228, -0.487062, 0.223718)"]},{"Bone 1":["(0.857119, 0.0921528, -0.506809)","(-0.0402621, 0.992843, 0.112436)","(0.513543, -0.0759662, 0.854695)"]},{"Bone 2":["(0.927862, 0.0789033, -0.364481)","(0.110517, 0.875276, 0.470826)","(0.356171, -0.477143, 0.803415)"]},{"Bone 3":["(0.927862, 0.0789033, -0.364481)","(0.0907874, 0.900163, 0.425987)","(0.361704, -0.428347, 0.828063)"]},{"Bone 4":["(0.927862, 0.0789033, -0.364481)","(0.0726716, 0.920367, 0.384243)","(0.365774, -0.383012, 0.84824)"]},{"Bone 1":["(0.912841, -0.0895726, -0.398369)","(0.116508, 0.99222, 0.0438731)","(0.39134, -0.0864624, 0.916175)"]},{"Bone 2":["(0.955135, -0.0998241, -0.278839)","(0.20917, 0.893898, 0.396478)","(0.209676, -0.437015, 0.874674)"]},{"Bone 3":["(0.955135, -0.0998241, -0.278839)","(0.194925, 0.920708, 0.338083)","(0.222981, -0.377268, 0.898859)"]},{"Bone 4":["(0.955135, -0.0998241, -0.278839)","(0.181391, 0.941416, 0.284312)","(0.234123, -0.322135, 0.917287)"]},{"Bone 1":["(0.949083, -0.175861, -0.261371)","(0.193844, 0.980023, 0.0444826)","(0.248326, -0.092883, 0.964213)"]},{"Bone 2":["(0.967972, -0.183693, -0.171134)","(0.237075, 0.89311, 0.382295)","(0.0826166, -0.410623, 0.908055)"]},{"Bone 3":["(0.967972, -0.183693, -0.171134)","(0.230152, 0.921594, 0.312562)","(0.100301, -0.341938, 0.934354)"]},{"Bone 4":["(0.967972, -0.183693, -0.171134)","(0.222858, 0.942569, 0.248792)","(0.115604, -0.278962, 0.953318)"]},{"Bone 1":["(0.926283, -0.344924, -0.15175)","(0.360274, 0.928658, 0.0882985)","(0.110467, -0.136461, 0.984467)"]},{"Bone 2":["(0.931433, -0.352905, -0.0888285)","(0.360775, 0.863487, 0.352465)","(-0.0476843, -0.360345, 0.9316)"]},{"Bone 3":["(0.931433, -0.352905, -0.0888285)","(0.363556, 0.891572, 0.27005)","(-0.0161051, -0.283828, 0.95874)"]},{"Bone 4":["(0.931433, -0.352905, -0.0888285)","(0.363731, 0.910522, 0.196595)","(0.0115009, -0.215425, 0.976453)"]}]}{"frameID":3129870,"timeStamp":1506293161980,"hands":[{"Hand 1":["1185","Right","(-0.318954, 0.265605, -0.909792)","(-0.0885414, -0.964082, -0.250414)","(-21.6636, 133.32, -4.23816)","(47.3382, -11.7645, -9.17191)","(-27.5425, 135.232, -3.04863)","0","0","1"]}],"pointables":[{"Pointable 1":["11850","(-0.74698, 0.414143, -0.520102)","1185","49.29279","(-107.919, 160.804, 22.2793)","(-101.786, 157.652, 18.9491)","(37.6213, -27.1446, -26.4387)","False"]},{"Pointable 2":["11851","(-0.370109, 0.356235, -0.857972)","1185","55.62141","(-85.178, 174.119, -78.9172)","(-78.5164, 172.078, -81.1395)","(56.4779, -22.8171, -22.5858)","False"]},{"Pointable 3":["11852","(-0.226566, 0.35017, -0.908872)","1185","63.37613","(-55.6302, 178.393, -99.6632)","(-49.59, 177.065, -100.912)","(58.5683, -15.7343, -14.3459)","False"]},{"Pointable 4":["11853","(-0.0869529, 0.371766, -0.924245)","1185","60.93784","(-21.3777, 175.948, -99.2676)","(-15.8711, 174.522, -99.9817)","(58.8479, -8.52988, -6.32582)","False"]},{"Pointable 5":["11854","(0.0494368, 0.360887, -0.931298)","1185","47.77414","(8.40803, 161.472, -84.3397)","(13.4669, 159.921, -84.6313)","(60.1845, -0.0105625, 1.40411)","False"]}],"fingers":[{"Finger 1":["(-23.5237, 112.999, 50.1775)","(-23.5237, 112.999, 50.1775)","(-63.5037, 135.137, 38.3195)","(-87.5926, 148.492, 21.5471)","(-106.762, 159.102, 18.3948)","TYPE_THUMB"]},{"Finger 2":["(-51.3694, 141.586, -17.402)","(-51.3694, 141.586, -17.402)","(-65.9104, 159.634, -50.7792)","(-74.3714, 167.777, -70.3932)","(-80.4823, 172.226, -84.6764)","TYPE_INDEX"]},{"Finger 3":["(-31.5656, 143.569, -23.8812)","(-31.5656, 143.569, -23.8812)","(-40.7821, 163.549, -63.8091)","(-46.8757, 172.967, -88.2539)","(-51.2576, 177.744, -104.803)","TYPE_MIDDLE"]},{"Finger 4":["(-10.1141, 141.935, -25.1726)","(-10.1141, 141.935, -25.1726)","(-12.586, 161.262, -62.6713)","(-14.8643, 171.003, -86.8876)","(-16.841, 176.158, -103.675)","TYPE_RING"]},{"Finger 5":["(9.22856, 135.935, -25.228)","(9.22856, 135.935, -25.228)","(12.255, 150.748, -55.0585)","(13.1696, 157.424, -72.2868)","(13.3724, 162.067, -87.9135)","TYPE_PINKY"]}],"bones":[{"Bone 1":["(0.396668, 0.913854, -0.0867525)","(-0.595351, 0.328045, 0.733447)","(0.698722, -0.239287, 0.674188)"]},{"Bone 2":["(0.48406, 0.875033, 0.00154827)","(-0.220498, 0.120265, 0.967945)","(0.846798, -0.468885, 0.251159)"]},{"Bone 3":["(0.48406, 0.875033, 0.00154827)","(-0.455748, 0.250604, 0.854103)","(0.74698, -0.414143, 0.520102)"]},{"Bone 4":["(0.48406, 0.875033, 0.00154827)","(-0.125354, 0.0675933, 0.989807)","(0.866009, -0.47932, 0.142408)"]},{"Bone 1":["(0.876676, 0.0439216, -0.479072)","(0.0174172, 0.992273, 0.122845)","(0.480765, -0.116039, 0.869137)"]},{"Bone 2":["(0.922439, 0.0314547, -0.384859)","(0.145093, 0.895407, 0.420944)","(0.357846, -0.444136, 0.821395)"]},{"Bone 3":["(0.922439, 0.0314547, -0.384859)","(0.110113, 0.933867, 0.340246)","(0.370109, -0.356235, 0.857972)"]},{"Bone 4":["(0.922439, 0.0314547, -0.384859)","(0.0781457, 0.960847, 0.265832)","(0.378152, -0.275289, 0.883865)"]},{"Bone 1":["(0.917669, -0.141966, -0.371119)","(0.17593, 0.982625, 0.0591354)","(0.356276, -0.119558, 0.9267)"]},{"Bone 2":["(0.943877, -0.151324, -0.293594)","(0.2612, 0.886024, 0.383061)","(0.202165, -0.438249, 0.875824)"]},{"Bone 3":["(0.943877, -0.151324, -0.293594)","(0.240342, 0.924382, 0.296233)","(0.226566, -0.35017, 0.908872)"]},{"Bone 4":["(0.943877, -0.151324, -0.293594)","(0.219811, 0.951241, 0.216386)","(0.246534, -0.268777, 0.931117)"]},{"Bone 1":["(0.944205, -0.23168, -0.234097)","(0.252311, 0.965659, 0.0619806)","(0.211698, -0.117588, 0.970235)"]},{"Bone 2":["(0.953631, -0.237284, -0.185162)","(0.295241, 0.857042, 0.42227)","(0.0584937, -0.457357, 0.887357)"]},{"Bone 3":["(0.953631, -0.237284, -0.185162)","(0.288145, 0.897489, 0.333895)","(0.0869529, -0.371766, 0.924245)"]},{"Bone 4":["(0.953631, -0.237284, -0.185162)","(0.279421, 0.926605, 0.25165)","(0.111859, -0.29172, 0.949941)"]},{"Bone 1":["(0.907605, -0.400081, -0.127231)","(0.413803, 0.903661, 0.110288)","(0.0708495, -0.152747, 0.985722)"]},{"Bone 2":["(0.908818, -0.402993, -0.10792)","(0.40726, 0.80087, 0.439029)","(-0.0904953, -0.442949, 0.891968)"]},{"Bone 3":["(0.908818, -0.402993, -0.10792)","(0.414254, 0.841045, 0.347904)","(-0.0494368, -0.360887, 0.931298)"]},{"Bone 4":["(0.908818, -0.402993, -0.10792)","(0.417008, 0.86978, 0.263793)","(-0.01244, -0.284744, 0.958523)"]}]}{"frameID":3129899,"timeStamp":1506293665058,"hands":[{"Hand 1":["1185","Right","(-0.19994, 0.0451477, -0.978768)","(0.27954, -0.954792, -0.101145)","(29.2914, 129.85, 0.937872)","(34.4163, 13.5965, 34.33)","(28.0408, 129.403, -0.159552)","0","0","0.564085"]}],"pointables":[{"Pointable 1":["11850","(-0.729466, 0.206737, -0.652027)","1185","49.29279","(-58.693, 137.488, 10.863)","(-57.5449, 136.117, 11.1516)","(32.3976, 4.8557, 24.1693)","False"]},{"Pointable 2":["11851","(-0.31454, 0.33024, -0.889947)","1185","55.62141","(-23.1479, 152.329, -85.211)","(-22.2672, 151.415, -84.92)","(35.2923, 12.9634, 33.283)","False"]},{"Pointable 3":["11852","(-0.164128, 0.305929, -0.9378)","1185","63.37613","(5.79373, 162.275, -102.115)","(6.76707, 161.525, -101.631)","(29.3208, 3.82985, 31.2029)","False"]},{"Pointable 4":["11853","(-0.0147362, 0.313681, -0.949414)","1185","60.93784","(39.1674, 167.468, -96.9873)","(40.0514, 166.891, -96.3535)","(34.3338, 3.6854, 31.3131)","False"]},{"Pointable 5":["11854","(0.121968, 0.246116, -0.961536)","1185","47.77414","(68.1482, 159.229, -77.1845)","(69.1206, 159.397, -76.1886)","(38.5538, 3.22048, 34.6394)","False"]}],"fingers":[{"Finger 1":["(23.3131, 115.741, 56.9974)","(23.3131, 115.741, 56.9974)","(-18.0511, 126.742, 37.0708)","(-41.5752, 133.409, 16.044)","(-62.2587, 138.734, 10.2278)","TYPE_THUMB"]},{"Finger 2":["(1.75541, 125.91, -17.7786)","(1.75541, 125.91, -17.7786)","(-11.5879, 141.808, -52.7126)","(-18.7786, 149.358, -73.0576)","(-23.6289, 153.744, -87.8353)","TYPE_INDEX"]},{"Finger 3":["(20.7251, 133.986, -21.3884)","(20.7251, 133.986, -21.3884)","(12.9162, 150.827, -63.0268)","(8.50188, 159.055, -88.2496)","(5.71473, 163.425, -105.251)","TYPE_MIDDLE"]},{"Finger 4":["(41.3566, 139.784, -19.1018)","(41.3566, 139.784, -19.1018)","(40.4474, 155.961, -58.1313)","(40.0613, 164.18, -83.0071)","(39.9122, 168.575, -100.123)","TYPE_RING"]},{"Finger 5":["(61.2024, 140.904, -15.2242)","(61.2024, 140.904, -15.2242)","(65.4201, 152.973, -46.1276)","(67.6764, 157.526, -63.9152)","(69.58, 159.82, -79.9434)","TYPE_PINKY"]}],"bones":[{"Bone 1":["(0.0888428, 0.981037, -0.172262)","(-0.802755, 0.172906, 0.570691)","(0.589653, 0.0875821, 0.802894)"]},{"Bone 2":["(0.23824, 0.970335, 0.0411278)","(-0.41912, 0.0645182, 0.905635)","(0.876116, -0.232996, 0.422058)"]},{"Bone 3":["(0.23824, 0.970335, 0.0411278)","(-0.641188, 0.125337, 0.757079)","(0.729466, -0.206737, 0.652027)"]},{"Bone 4":["(0.23824, 0.970335, 0.0411278)","(-0.264848, 0.0241675, 0.963987)","(0.934397, -0.240553, 0.262749)"]},{"Bone 1":["(0.892184, 0.297237, -0.340086)","(-0.329075, 0.943512, -0.038663)","(0.309383, 0.146408, 0.939599)"]},{"Bone 2":["(0.925698, 0.314233, -0.210571)","(-0.187762, 0.864975, 0.465365)","(0.328372, -0.39125, 0.859707)"]},{"Bone 3":["(0.925698, 0.314233, -0.210571)","(-0.210112, 0.890056, 0.404541)","(0.31454, -0.33024, 0.889947)"]},{"Bone 4":["(0.925698, 0.314233, -0.210571)","(-0.230204, 0.909722, 0.345561)","(0.300148, -0.271411, 0.914466)"]},{"Bone 1":["(0.968719, 0.149054, -0.198409)","(-0.166631, 0.983166, -0.0749639)","(0.183895, 0.10568, 0.977248)"]},{"Bone 2":["(0.980244, 0.156959, -0.120353)","(-0.0988978, 0.915915, 0.388998)","(0.171289, -0.36941, 0.913343)"]},{"Bone 3":["(0.980244, 0.156959, -0.120353)","(-0.110377, 0.939027, 0.325646)","(0.164128, -0.305929, 0.9378)"]},{"Bone 4":["(0.980244, 0.156959, -0.120353)","(-0.120544, 0.956509, 0.265632)","(0.156812, -0.245877, 0.956533)"]},{"Bone 1":["(0.995009, 0.0884389, -0.0462166)","(-0.0910471, 0.99417, -0.057757)","(0.0408392, 0.0616766, 0.99726)"]},{"Bone 2":["(0.995642, 0.0920509, 0.0149594)","(-0.0907429, 0.919233, 0.383114)","(0.0215148, -0.382802, 0.92358)"]},{"Bone 3":["(0.995642, 0.0920509, 0.0149594)","(-0.0920869, 0.945056, 0.313671)","(0.0147362, -0.313681, 0.949414)"]},{"Bone 4":["(0.995642, 0.0920509, 0.0149594)","(-0.0928758, 0.964197, 0.248392)","(0.00844088, -0.248699, 0.968544)"]},{"Bone 1":["(0.994322, -0.0705067, 0.0796987)","(0.0687897, 0.99734, 0.0240918)","(-0.0811854, -0.0184726, 0.996528)"]},{"Bone 2":["(0.991654, -0.070997, 0.107616)","(0.0267692, 0.929909, 0.366815)","(-0.126115, -0.360873, 0.924048)"]},{"Bone 3":["(0.991654, -0.070997, 0.107616)","(0.0417802, 0.966636, 0.252722)","(-0.121968, -0.246116, 0.961536)"]},{"Bone 4":["(0.991654, -0.070997, 0.107616)","(0.0546623, 0.987508, 0.147786)","(-0.116764, -0.14067, 0.983147)"]}]}{"frameID":3129926,"timeStamp":1506294167936,"hands":[],"pointables":[],"fingers":[],"bones":[]}{"frameID":3129954,"timeStamp":1506294670922,"hands":[],"pointables":[],"fingers":[],"bones":[]}{"frameID":3129983,"timeStamp":1506295173909,"hands":[],"pointables":[],"fingers":[],"bones":[]}{"frameID":3170285,"timeStamp":1507053481234,"hands":[],"pointables":[],"fingers":[]}{"frameID":3170326,"timeStamp":1507053962971,"hands":[{"Hand 1":["1188","Right","(-0.262251, 0.413433, -0.87195)","(-0.0954335, -0.910258, -0.402894)","(-1.52727, 100.308, 43.5992)","(22.6599, 40.8955, -110.173)","(-23.6363, 102.272, 112.075)","0","0","0.706204"]}],"pointables":[{"Pointable 1":["11880","(-0.732567, 0.510979, -0.449718)","1188","49.53407","(-95.8405, 124.301, 131.54)","(-82.0184, 121.069, 53.0466)","(-7.17904, 23.3177, -91.7835)","False"]},{"Pointable 2":["11881","(-0.268359, 0.326316, -0.906367)","1188","55.89367","(-75.7075, 131.451, 22.0397)","(-52.7844, 137.746, -42.421)","(32.6189, 27.454, -134.994)","False"]},{"Pointable 3":["11882","(-0.143827, 0.320602, -0.936231)","1188","63.68635","(-35.651, 134.105, -30.1643)","(-23.444, 142.736, -60.1866)","(60.4723, 109.325, -106.037)","False"]},{"Pointable 4":["11883","(-0.0144762, 0.306691, -0.951699)","1188","61.23612","(3.02914, 129.885, -39.9853)","(10.9615, 137.996, -57.9453)","(52.358, 98.1106, -98.6427)","False"]},{"Pointable 5":["11884","(0.0878019, 0.218991, -0.971768)","1188","48.00799","(29.1613, 114.387, -25.2027)","(38.3983, 120.339, -41.359)","(66.7069, 92.2872, -90.8716)","False"]}],"fingers":[{"Finger 1":["(-6.86401, 71.6927, 94.2279)","(-6.86401, 71.6927, 94.2279)","(-40.6493, 95.6965, 71.134)","(-64.389, 112.255, 56.5603)","(-83.1264, 123.791, 53.3)","System.Collections.Generic.List`1[System.String]","System.Collections.Generic.List`1[System.String]","System.Collections.Generic.List`1[System.String]","System.Collections.Generic.List`1[System.String]","TYPE_THUMB"]},{"Finger 2":["(-30.413, 111.467, 30.3258)","(-30.413, 111.467, 30.3258)","(-41.272, 126.557, -6.03031)","(-47.437, 134.053, -26.8521)","(-51.8204, 138.765, -41.7616)","System.Collections.Generic.List`1[System.String]","System.Collections.Generic.List`1[System.String]","System.Collections.Generic.List`1[System.String]","System.Collections.Generic.List`1[System.String]","TYPE_INDEX"]},{"Finger 3":["(-10.1437, 113.849, 25.2381)","(-10.1437, 113.849, 25.2381)","(-16.3095, 130.429, -17.0211)","(-20.1968, 139.094, -42.325)","(-22.8987, 144.2, -59.226)","System.Collections.Generic.List`1[System.String]","System.Collections.Generic.List`1[System.String]","System.Collections.Generic.List`1[System.String]","System.Collections.Generic.List`1[System.String]","TYPE_MIDDLE"]},{"Finger 4":["(11.4108, 111.781, 24.806)","(11.4108, 111.781, 24.806)","(11.2861, 126.45, -15.0455)","(10.905, 134.525, -40.1032)","(10.4785, 139.394, -57.1756)","System.Collections.Generic.List`1[System.String]","System.Collections.Generic.List`1[System.String]","System.Collections.Generic.List`1[System.String]","System.Collections.Generic.List`1[System.String]","TYPE_RING"]},{"Finger 5":["(30.686, 105.251, 24.8014)","(30.686, 105.251, 24.8014)","(34.6258, 114.611, -7.23476)","(36.258, 118.682, -25.2996)","(37.3014, 121.468, -41.4099)","System.Collections.Generic.List`1[System.String]","System.Collections.Generic.List`1[System.String]","System.Collections.Generic.List`1[System.String]","System.Collections.Generic.List`1[System.String]","TYPE_PINKY"]}]}{"frameID":3170374,"timeStamp":1507054464594,"hands":[{"Hand 1":["1188","Right","(-0.268559, 0.299404, -0.915551)","(-0.168427, -0.950422, -0.261403)","(-9.29391, 100.833, 33.3723)","(-3.5169, 0.135871, -2.38874)","(-19.5796, 102.051, 92.4285)","0","0","0.9775298"]}],"pointables":[{"Pointable 1":["11880","(-0.777164, 0.439536, -0.45036)","1188","50.11314","(-91.3064, 124.277, 84.3105)","(-93.161, 124.538, 48.5219)","(-19.3111, -12.3807, 1.65055)","False"]},{"Pointable 2":["11881","(-0.331737, 0.348853, -0.8765)","1188","56.54708","(-61.8885, 141.787, -45.3602)","(-64.6824, 142.964, -50.0933)","(-17.0528, -7.17119, -3.54087)","False"]},{"Pointable 3":["11882","(-0.202574, 0.379471, -0.902754)","1188","64.43086","(-33.6893, 147.594, -64.6582)","(-35.2787, 149.033, -68.3361)","(-13.5314, -1.70884, -4.0227)","False"]},{"Pointable 4":["11883","(-0.0742801, 0.411612, -0.908327)","1188","61.952","(-0.738356, 144.262, -62.191)","(-1.24214, 145.588, -65.8847)","(-10.7706, -0.777883, -4.80799)","False"]},{"Pointable 5":["11884","(0.0345961, 0.391005, -0.919738)","1188","48.56922","(28.5788, 126.707, -44.9504)","(27.1031, 127.922, -49.6277)","(-9.85894, -4.25173, -6.32027)","False"]}],"fingers":[{"Finger 1":["(-14.5617, 80.0669, 88.4341)","(-14.5617, 80.0669, 88.4341)","(-50.5202, 100.241, 63.8605)","(-75.9996, 114.652, 49.0954)","(-95.373, 126.049, 47.9952)","System.Collections.Generic.List`1[System.String]","System.Collections.Generic.List`1[System.String]","System.Collections.Generic.List`1[System.String]","System.Collections.Generic.List`1[System.String]","TYPE_THUMB"]},{"Finger 2":["(-38.2322, 112.027, 19.2637)","(-38.2322, 112.027, 19.2637)","(-51.2816, 129.693, -15.7252)","(-58.9916, 137.801, -36.0963)","(-64.6367, 142.367, -50.8339)","System.Collections.Generic.List`1[System.String]","System.Collections.Generic.List`1[System.String]","System.Collections.Generic.List`1[System.String]","System.Collections.Generic.List`1[System.String]","TYPE_INDEX"]},{"Finger 3":["(-17.8259, 112.254, 13.2356)","(-17.8259, 112.254, 13.2356)","(-26.2363, 132.474, -27.6122)","(-31.7754, 142.85, -52.2966)","(-35.7599, 148.778, -68.8947)","System.Collections.Generic.List`1[System.String]","System.Collections.Generic.List`1[System.String]","System.Collections.Generic.List`1[System.String]","System.Collections.Generic.List`1[System.String]","TYPE_MIDDLE"]},{"Finger 4":["(3.77082, 108.632, 12.491)","(3.77082, 108.632, 12.491)","(1.40805, 128.176, -25.6957)","(-0.570559, 139.14, -49.891)","(-2.21094, 145.825, -66.4857)","System.Collections.Generic.List`1[System.String]","System.Collections.Generic.List`1[System.String]","System.Collections.Generic.List`1[System.String]","System.Collections.Generic.List`1[System.String]","TYPE_RING"]},{"Finger 5":["(22.7976, 100.776, 12.905)","(22.7976, 100.776, 12.905)","(24.8822, 115.503, -17.6691)","(25.5329, 122.856, -34.9666)","(25.7167, 128.709, -50.472)","System.Collections.Generic.List`1[System.String]","System.Collections.Generic.List`1[System.String]","System.Collections.Generic.List`1[System.String]","System.Collections.Generic.List`1[System.String]","TYPE_PINKY"]}]}{"frameID":3170423,"timeStamp":1507054976092,"hands":[{"Hand 1":["1188","Right","(-0.494404, 0.677001, -0.545192)","(-0.60792, -0.717608, -0.339812)","(-89.225, 88.8733, 112.155)","(-589.445, -265.383, 714.778)","(-73.3237, 96.6721, 93.0026)","0.2061769","0.003911084","0.1843965"]}],"pointables":[{"Pointable 1":["11880","(-0.881187, 0.219114, -0.418926)","1188","50.71634","(-147.89, 78.642, 95.0107)","(-167.286, 71.5638, 117.814)","(-624.401, -183.761, 868.039)","False"]},{"Pointable 2":["11882","(-0.781676, -0.0631745, -0.620477)","1188","65.20641","(-148.545, 110.941, 21.8423)","(-168.733, 110.4, 44.957)","(-924.695, 9.6741, 1146.45)","False"]},{"Pointable 3":["11883","(-0.793104, -0.399514, -0.459756)","1188","62.6977","(-117.102, 99.4768, 24.1711)","(-134.96, 96.9044, 44.805)","(-937.051, -154.749, 1101.57)","False"]},{"Pointable 4":["11884","(-0.767681, -0.308145, -0.561884)","1188","49.15383","(-107.508, 77.7764, 28.271)","(-117.671, 74.4774, 35.6721)","(-1089.32, -213.44, 837.527)","False"]},{"Pointable 5":["11881","(-0.712723, -0.42772, -0.555951)","1188","57.22773","(-139.611, 107.016, 32.5145)","(-164.708, 102.852, 74.654)","(-759.377, -54.3859, 1198.81)","False"]}],"fingers":[{"Finger 1":["(-78.0587, 49.8393, 156.053)","(-78.0587, 49.8393, 156.053)","(-122.819, 62.2372, 141.824)","(-152.057, 69.5073, 127.924)","(-170.642, 73.4598, 115.368)","System.Collections.Generic.List`1[System.String]","System.Collections.Generic.List`1[System.String]","System.Collections.Generic.List`1[System.String]","System.Collections.Generic.List`1[System.String]","TYPE_THUMB"]},{"Finger 2":["(-100.572, 108.913, 102.507)","(-100.572, 108.913, 102.507)","(-134.058, 117.193, 70.7216)","(-155.689, 115.445, 53.5514)","(-170.295, 111.34, 43.3428)","System.Collections.Generic.List`1[System.String]","System.Collections.Generic.List`1[System.String]","System.Collections.Generic.List`1[System.String]","System.Collections.Generic.List`1[System.String]","TYPE_MIDDLE"]},{"Finger 3":["(-84.2554, 101.188, 89.6307)","(-84.2554, 101.188, 89.6307)","(-105.805, 119.406, 56.5521)","(-127.185, 108.636, 44.1581)","(-137.194, 93.515, 45.493)","System.Collections.Generic.List`1[System.String]","System.Collections.Generic.List`1[System.String]","System.Collections.Generic.List`1[System.String]","System.Collections.Generic.List`1[System.String]","TYPE_RING"]},{"Finger 4":["(-71.2061, 89.7258, 78.1191)","(-71.2061, 89.7258, 78.1191)","(-91.6386, 88.798, 50.4488)","(-106.25, 82.933, 39.7542)","(-119.877, 75.1362, 33.8484)","System.Collections.Generic.List`1[System.String]","System.Collections.Generic.List`1[System.String]","System.Collections.Generic.List`1[System.String]","System.Collections.Generic.List`1[System.String]","TYPE_PINKY"]},{"Finger 5":["(-115.112, 110.835, 118.276)","(-115.112, 110.835, 118.276)","(-141.78, 125.841, 89.788)","(-158.544, 115.781, 76.7114)","(-166.234, 101.485, 73.1125)","System.Collections.Generic.List`1[System.String]","System.Collections.Generic.List`1[System.String]","System.Collections.Generic.List`1[System.String]","System.Collections.Generic.List`1[System.String]","TYPE_INDEX"]}]}{"frameID":3170449,"timeStamp":1507055467873,"hands":[],"pointables":[],"fingers":[]}{"frameID":3174234,"timeStamp":1507159680900,"hands":[],"pointables":[],"fingers":[]}{"frameID":3174279,"timeStamp":1507160181559,"hands":[{"Hand 1":["1189","Right","(-0.297206, 0.429257, -0.852882)","(-0.264834, -0.895257, -0.358298)","(-17.7712, 125.207, 43.3411)","(63.0656, -1.5221, -274.237)","(-21.6758, 124.699, 58.0979)","0","0.07300922","0.2714918"]}],"pointables":[{"Pointable 1":["11890","(-0.828159, 0.413116, -0.378798)","1189","44.54774","(-97.4319, 134.184, 78.7744)","(-93.2734, 135.227, 55.3996)","(87.6742, 64.2452, -361.769)","False"]},{"Pointable 2":["11891","(-0.430206, 0.115108, -0.895362)","1189","50.26716","(-78.954, 151.311, -6.60695)","(-69.2982, 157.326, -23.0121)","(137.383, 103.819, -291.577)","False"]},{"Pointable 3":["11892","(-0.374307, 0.0269382, -0.926913)","1189","57.27539","(-58.7488, 143.253, -24.5588)","(-48.1551, 153.405, -39.4334)","(173.739, 205.836, -306.967)","False"]},{"Pointable 4":["11893","(-0.27921, 0.030884, -0.959733)","1189","55.07182","(-32.1459, 137.283, -25.2659)","(-20.6354, 147.829, -39.5824)","(202.212, 213.614, -310.911)","False"]},{"Pointable 5":["11894","(-0.217607, 0.00375798, -0.976029)","1189","43.17529","(-6.63584, 125.649, -13.437)","(4.30976, 134.9, -26.4207)","(198.218, 185.299, -310.455)","False"]}],"fingers":[{"Finger 1":["(-21.0272, 101.311, 89.9978)","(-21.0272, 101.311, 89.9978)","(-55.9784, 118.649, 72.7237)","(-80.1143, 130.689, 61.684)","(-96.6008, 138.892, 53.8679)","(0.54802, 0.836465, 0.00123265)","(-0.503852, 0.328927, 0.798712)","(0.667689, -0.438331, 0.601713)","TYPE_METACARPAL","(0.469541, 0.880412, -0.0663728)","(-0.329464, 0.244461, 0.911972)","(0.819137, -0.406341, 0.404848)","TYPE_PROXIMAL","(0.469541, 0.880412, -0.0663728)","(-0.306078, 0.232828, 0.923096)","(0.828159, -0.413116, 0.378798)","TYPE_INTERMEDIATE","(0.469541, 0.880412, -0.0663728)","(-0.31677, 0.238155, 0.918117)","(0.824129, -0.410069, 0.390712)","TYPE_DISTAL","TYPE_THUMB"]},{"Finger 2":["(-43.265, 138.589, 33.9029)","(-43.265, 138.589, 33.9029)","(-55.696, 158.027, 5.33324)","(-64.5842, 160.405, -13.1652)","(-71.046, 156.528, -25.6753)","(0.854426, -0.0456162, -0.517567)","(0.195594, 0.951098, 0.239071)","(0.481352, -0.305502, 0.821565)","TYPE_METACARPAL","(0.895182, -0.0736004, -0.439582)","(0.289934, 0.84523, 0.448914)","(0.338507, -0.52931, 0.777974)","TYPE_PROXIMAL","(0.895182, -0.0736004, -0.439582)","(0.116498, 0.990623, 0.0713792)","(0.430206, -0.115108, 0.895362)","TYPE_INTERMEDIATE","(0.895182, -0.0736004, -0.439582)","(-0.0536391, 0.961312, -0.270188)","(0.442461, 0.265446, 0.856602)","TYPE_DISTAL","TYPE_INDEX"]},{"Finger 3":["(-25.5346, 138.035, 27.3344)","(-25.5346, 138.035, 27.3344)","(-33.7246, 158.463, -7.49517)","(-42.8228, 159.118, -30.0254)","(-50.0438, 152.861, -42.9381)","(0.865656, -0.247937, -0.434934)","(0.34775, 0.922756, 0.166108)","(0.360153, -0.29504, 0.885009)","TYPE_METACARPAL","(0.890232, -0.26937, -0.367323)","(0.409843, 0.825593, 0.387847)","(0.198785, -0.495819, 0.845369)","TYPE_PROXIMAL","(0.890232, -0.26937, -0.367323)","(0.259578, 0.96266, -0.0768458)","(0.374307, -0.0269382, 0.926913)","TYPE_INTERMEDIATE","(0.890232, -0.26937, -0.367323)","(0.0734803, 0.880768, -0.467812)","(0.449541, 0.389471, 0.803882)","TYPE_DISTAL","TYPE_MIDDLE"]},{"Finger 4":["(-6.75888, 133.438, 24.943)","(-6.75888, 133.438, 24.943)","(-8.89538, 152.503, -8.07981)","(-15.5068, 153.234, -30.8053)","(-22.0998, 146.974, -43.9356)","(0.880526, -0.357504, -0.311233)","(0.420012, 0.892808, 0.162737)","(0.219692, -0.274015, 0.936296)","TYPE_METACARPAL","(0.889182, -0.36899, -0.270559)","(0.454121, 0.783989, 0.423244)","(0.0559426, -0.499208, 0.864675)","TYPE_PROXIMAL","(0.889182, -0.36899, -0.270559)","(0.362488, 0.92892, -0.0755642)","(0.27921, -0.030884, 0.959733)","TYPE_INTERMEDIATE","(0.889182, -0.36899, -0.270559)","(0.197315, 0.842737, -0.50086)","(0.412822, 0.39197, 0.822154)","TYPE_DISTAL","TYPE_RING"]},{"Finger 5":["(9.4853, 125.168, 23.2928)","(9.4853, 125.168, 23.2928)","(13.3167, 139.926, -2.80379)","(9.67866, 139.989, -19.1214)","(2.91681, 133.638, -30.5682)","(0.818451, -0.529386, -0.223357)","(0.569601, 0.798595, 0.194424)","(0.0754465, -0.286351, 0.95515)","TYPE_METACARPAL","(0.820809, -0.540386, -0.185081)","(0.556958, 0.685253, 0.469282)","(-0.126766, -0.488273, 0.863435)","TYPE_PROXIMAL","(0.820809, -0.540386, -0.185081)","(0.528128, 0.841409, -0.114507)","(0.217607, -0.00375798, 0.976029)","TYPE_INTERMEDIATE","(0.820809, -0.540386, -0.185081)","(0.340066, 0.722645, -0.601781)","(0.458942, 0.431007, 0.77692)","TYPE_DISTAL","TYPE_PINKY"]}]}{"frameID":3174329,"timeStamp":1507160702464,"hands":[],"pointables":[],"fingers":[]}{"frameID":3174617,"timeStamp":1507168992028,"hands":[],"pointables":[],"fingers":[]}{"frameID":3174641,"timeStamp":1507169492911,"hands":[{"Hand 1":["1190","Right","(-0.255171, 0.54532, -0.798445)","(-0.182348, -0.83