{"frameID":1029635,"timeStamp":1306930565070,"hands":{},"pointables":{},"fingers":{},"bones":{}}{"frameID":1029690,"timeStamp":1306931059365,"hands":{},"pointables":{},"fingers":{},"bones":{}}{"frameID":1029747,"timeStamp":1306931553660,"hands":{"Hand 1":["547","Left","(-0.0757864, 0.155997, -0.984846)","(-0.0989073, 0.981639, 0.163101)","(39.7546, 152.079, -10.7376)","(282.647, 28.4512, -90.693)","(39.1032, 151.941, -10.5247)","0","0","0.8903465"],"Hand 2":["548","Right","(0.457903, 0.200132, -0.866183)","(-0.00280997, 0.974652, 0.223708)","(-135.039, 182.68, 5.12887)","(341.419, -114.701, -310.666)","(-144.974, 185.841, 13.9625)","0","0","0.5295668"]},"pointables":{"Pointable 1":["5470","(-0.871169, 0.0874103, -0.48314)","547","47.16879","(-54.2889, 159.668, -5.34389)","(-52.2275, 160.247, -7.08333)","(261.821, 36.7821, -115.527)","False"],"Pointable 2":["5471","(-0.318314, 0.360944, -0.876582)","547","53.22471","(-8.59439, 175.917, -95.7404)","(-7.5258, 177.137, -95.5636)","(344.57, -2.23327, -134.24)","False"],"Pointable 3":["5472","(-0.149527, 0.357986, -0.921676)","547","60.64529","(22.8664, 179.668, -109.828)","(23.344, 180.941, -109.448)","(347.541, -8.61203, -114.249)","False"],"Pointable 4":["5473","(0.0199442, 0.355286, -0.934545)","547","58.31206","(57.1569, 179.639, -102.601)","(57.0279, 180.821, -102.195)","(350.43, -15.1906, -96.3287)","False"],"Pointable 5":["5474","(0.23406, 0.26222, -0.936192)","547","45.71558","(87.737, 172.938, -79.9377)","(87.0563, 173.694, -79.9199)","(346.675, -5.44704, -68.8362)","False"],"Pointable 6":["5480","(0.909255, 0.30756, -0.280468)","548","47.16879","(-60.7222, 191.546, 47.81)","(-61.2883, 198.846, 42.4586)","(256.684, 332.312, -381.871)","False"],"Pointable 7":["5481","(0.531511, 0.29129, -0.795391)","548","53.22471","(-88.4978, 202.125, -36.2928)","(-65.7778, 199.249, -63.6873)","(299.64, 21.1339, -326.699)","False"],"Pointable 8":["5482","(0.417899, 0.315122, -0.852091)","548","60.64529","(-113.415, 208.175, -54.0346)","(-88.1619, 202.787, -85.9674)","(287.485, -8.89652, -308.611)","False"],"Pointable 9":["5483","(0.266187, 0.272102, -0.924719)","548","58.31206","(-144.455, 210.2, -60.5653)","(-121.137, 201.722, -91.0914)","(262.854, -61.0552, -314.37)","False"],"Pointable 10":["5484","(0.103568, 0.272244, -0.956638)","548","45.71558","(-167.112, 206.021, -61.1948)","(-156.61, 199.778, -75.6841)","(190.935, -123.457, -408.644)","False"]},"fingers":{"Finger 1":["(24.3579, 147.654, 42.5167)","(24.3579, 147.654, 42.5167)","(-13.1125, 154.473, 18.2147)","(-39.9957, 157.17, 3.30556)","(-57.1226, 160.954, -8.56984)","TYPE_THUMB"],"Finger 2":["(15.7506, 151.203, -32.0053)","(15.7506, 151.203, -32.0053)","(3.45321, 163.367, -66.8298)","(-3.51017, 171.263, -86.0057)","(-8.4482, 177.422, -99.3028)","TYPE_INDEX"],"Finger 3":["(35.7141, 151.487, -33.5984)","(35.7141, 151.487, -33.5984)","(29.6148, 165.385, -74.4977)","(25.7665, 174.598, -98.2187)","(23.0956, 181.211, -113.659)","TYPE_MIDDLE"],"Finger 4":["(55.7825, 152.748, -29.0148)","(55.7825, 152.748, -29.0148)","(57.0442, 165.763, -67.2802)","(57.5442, 174.671, -90.7112)","(57.729, 181.125, -106.34)","TYPE_RING"],"Finger 5":["(73.3061, 157.354, -22.1398)","(73.3061, 157.354, -22.1398)","(81.2093, 164.886, -52.2223)","(85.3526, 169.528, -68.7948)","(88.8367, 173.96, -83.3412)","TYPE_PINKY"],"Finger 6":["(-142.049, 176.105, 59.9038)","(-142.049, 176.105, 59.9038)","(-97.7499, 182.944, 54.2495)","(-69.6914, 192.435, 45.5946)","(-51.6682, 200.584, 38.0167)","TYPE_THUMB"],"Finger 7":["(-104.528, 183.037, -4.78292)","(-104.528, 183.037, -4.78292)","(-83.6899, 189.229, -37.0222)","(-72.0627, 195.601, -54.4221)","(-63.9691, 201.383, -66.2622)","TYPE_INDEX"],"Finger 8":["(-122.197, 183.146, -14.2145)","(-122.197, 183.146, -14.2145)","(-104.761, 190.066, -53.5999)","(-94.006, 198.176, -75.53)","(-86.7855, 205.837, -88.8885)","TYPE_MIDDLE"],"Finger 9":["(-142.455, 183.955, -17.9963)","(-142.455, 183.955, -17.9963)","(-132.164, 192.386, -56.1834)","(-125.491, 199.208, -79.368)","(-120.835, 204.719, -94.6625)","TYPE_RING"],"Finger 10":["(-161.392, 188.038, -18.5432)","(-161.392, 188.038, -18.5432)","(-160.721, 189.278, -50.5146)","(-158.888, 194.097, -67.449)","(-156.138, 201.569, -80.8648)","TYPE_PINKY"]},"bones":{"Bone 1 Finger 1":["(0.472938, -0.803394, -0.361785)","(-0.724712, -0.588225, 0.358865)","(0.50112, -0.0924689, 0.860423)"],"Bone 2 Finger 1":["(0.276727, -0.725425, -0.630223)","(-0.485333, -0.671549, 0.559887)","(0.829382, -0.150932, 0.537909)"],"Bone 3 Finger 1":["(0.276727, -0.725425, -0.630223)","(-0.40557, -0.682729, 0.607778)","(0.871169, -0.0874103, 0.48314)"],"Bone 4 Finger 1":["(0.276727, -0.725425, -0.630223)","(-0.519275, -0.66472, 0.537122)","(0.808564, -0.178623, 0.560641)"],"Bone 1 Finger 2":["(0.965396, 0.134403, -0.223486)","(0.0620179, -0.9507, -0.303846)","(0.253306, -0.279472, 0.926138)"],"Bone 2 Finger 2":["(0.947464, 0.151791, -0.281551)","(0.0478622, -0.937596, -0.344417)","(0.316261, -0.312847, 0.895604)"],"Bone 3 Finger 2":["(0.947464, 0.151791, -0.281551)","(0.031433, -0.920151, -0.390299)","(0.318314, -0.360944, 0.876582)"],"Bone 4 Finger 2":["(0.947464, 0.151791, -0.281551)","(0.0183963, -0.90463, -0.425802)","(0.319333, -0.398252, 0.859896)"],"Bone 1 Finger 3":["(0.965931, 0.255499, -0.0412119)","(0.229883, -0.920196, -0.316848)","(0.118877, -0.296579, 0.947581)"],"Bone 2 Finger 3":["(0.964036, 0.259925, -0.0554424)","(0.226025, -0.911563, -0.34346)","(0.139813, -0.318577, 0.937529)"],"Bone 3 Finger 3":["(0.964036, 0.259925, -0.0554424)","(0.219719, -0.896819, -0.383978)","(0.149527, -0.357986, 0.921676)"],"Bone 4 Finger 3":["(0.964036, 0.259925, -0.0554424)","(0.214415, -0.883899, -0.41563)","(0.157038, -0.388794, 0.907843)"],"Bone 1 Finger 4":["(0.9528, 0.277706, 0.122685)","(0.301979, -0.908576, -0.288614)","(-0.0313187, -0.31204, 0.949553)"],"Bone 2 Finger 4":["(0.952701, 0.276764, 0.125549)","(0.302303, -0.905432, -0.298002)","(-0.0311999, -0.321861, 0.946273)"],"Bone 3 Finger 4":["(0.952701, 0.276764, 0.125549)","(0.303254, -0.892846, -0.332962)","(-0.0199442, -0.355286, 0.934545)"],"Bone 4 Finger 4":["(0.952701, 0.276764, 0.125549)","(0.303712, -0.881899, -0.360572)","(-0.0109284, -0.381648, 0.924243)"],"Bone 1 Finger 5":["(0.87969, 0.386005, 0.277751)","(0.442537, -0.878297, -0.180987)","(-0.174086, -0.282127, 0.94345)"],"Bone 2 Finger 5":["(0.870507, 0.372278, 0.32191)","(0.425711, -0.897782, -0.11295)","(-0.246956, -0.235365, 0.940009)"],"Bone 3 Finger 5":["(0.870507, 0.372278, 0.32191)","(0.432935, -0.890309, -0.141129)","(-0.23406, -0.26222, 0.936192)"],"Bone 4 Finger 5":["(0.870507, 0.372278, 0.32191)","(0.438565, -0.883585, -0.16413)","(-0.223333, -0.284055, 0.932435)"],"Bone 1 Finger 6":["(-0.265865, -0.792462, -0.548926)","(0.538014, -0.594464, 0.597624)","(-0.799911, -0.136442, 0.584403)"],"Bone 2 Finger 6":["(0.0172435, -0.701068, -0.712885)","(0.195657, -0.696841, 0.690023)","(-0.980521, -0.151379, 0.125153)"],"Bone 3 Finger 6":["(0.0172435, -0.701068, -0.712885)","(0.415882, -0.643359, 0.642753)","(-0.909255, -0.30756, 0.280468)"],"Bone 4 Finger 6":["(0.0172435, -0.701068, -0.712885)","(0.52507, -0.600414, 0.603162)","(-0.850884, -0.384715, 0.357757)"],"Bone 1 Finger 7":["(-0.799495, 0.132186, -0.585948)","(0.091882, -0.937093, -0.336769)","(-0.593604, -0.323084, 0.737056)"],"Bone 2 Finger 7":["(-0.844261, 0.106016, -0.525342)","(-0.00424588, -0.981532, -0.191253)","(-0.535916, -0.159237, 0.829119)"],"Bone 3 Finger 7":["(-0.844261, 0.106016, -0.525342)","(0.0687027, -0.950742, -0.302273)","(-0.531511, -0.29129, 0.795391)"],"Bone 4 Finger 7":["(-0.844261, 0.106016, -0.525342)","(0.115247, -0.921393, -0.37115)","(-0.523394, -0.373892, 0.765678)"],"Bone 1 Finger 8":["(-0.876213, 0.245122, -0.414928)","(-0.0576596, -0.908121, -0.414719)","(-0.478462, -0.339458, 0.809841)"],"Bone 2 Finger 8":["(-0.90533, 0.222649, -0.36167)","(-0.143643, -0.961907, -0.232598)","(-0.39968, -0.158626, 0.902825)"],"Bone 3 Finger 8":["(-0.90533, 0.222649, -0.36167)","(-0.0757473, -0.922565, -0.378334)","(-0.417899, -0.315122, 0.852091)"],"Bone 4 Finger 8":["(-0.90533, 0.222649, -0.36167)","(-0.0119705, -0.86461, -0.502302)","(-0.42454, -0.450419, 0.785422)"],"Bone 1 Finger 9":["(-0.930216, 0.260253, -0.258779)","(-0.135337, -0.898646, -0.417277)","(-0.341148, -0.353135, 0.871156)"],"Bone 2 Finger 9":["(-0.949818, 0.237543, -0.203515)","(-0.181889, -0.948738, -0.258479)","(-0.254482, -0.208491, 0.944336)"],"Bone 3 Finger 9":["(-0.949818, 0.237543, -0.203515)","(-0.164284, -0.932488, -0.321679)","(-0.266187, -0.272102, 0.924719)"],"Bone 4 Finger 9":["(-0.949818, 0.237543, -0.203515)","(-0.148528, -0.915088, -0.374904)","(-0.27529, -0.325863, 0.904449)"],"Bone 1 Finger 10":["(-0.928214, 0.362513, -0.0836856)","(-0.307976, -0.874872, -0.373832)","(-0.208733, -0.321223, 0.923714)"],"Bone 2 Finger 10":["(-0.942327, 0.334623, -0.00678973)","(-0.334035, -0.941554, -0.0435383)","(-0.0209618, -0.0387593, 0.999029)"],"Bone 3 Finger 10":["(-0.942327, 0.334623, -0.00678973)","(-0.318265, -0.90217, -0.2912)","(-0.103568, -0.272244, 0.956638)"],"Bone 4 Finger 10":["(-0.942327, 0.334623, -0.00678973)","(-0.284512, -0.811565, -0.510308)","(-0.176271, -0.478945, 0.859965)"]}}{"frameID":1029804,"timeStamp":1306932065352,"hands":{"Hand 1":["547","Left","(-0.749519, -0.575597, -0.326971)","(-0.0107054, 0.504402, -0.863403)","(37.0713, 181.309, 25.5291)","(-96.4604, 57.6284, 77.2927)","(38.6385, 172.94, 1.60728)","0.8147724","0.8972325","0.1667636"],"Hand 2":["548","Right","(0.872676, -0.0934973, -0.479265)","(-0.395004, 0.441849, -0.805445)","(-87.1722, 191.087, -7.85457)","(53.4914, -13.9504, -16.9951)","(-89.0244, 191.248, -7.67742)","0.8206571","1","0.1023286"]},"pointables":{"Pointable 1":["5470","(-0.83505, 0.00860084, -0.550108)","547","47.16879","(-17.908, 218.039, -9.98765)","(-12.1445, 226.896, -5.34236)","(112.909, 173.524, -66.1725)","False"],"Pointable 2":["5471","(0.161471, 0.585798, -0.794209)","547","53.22471","(-7.02335, 199.066, -30.4161)","(-6.65681, 205.868, -25.3067)","(28.0773, 154.603, 87.1265)","False"],"Pointable 3":["5472","(0.0849037, 0.716937, -0.691949)","547","60.64529","(6.15285, 194.493, -46.1642)","(1.21298, 201.141, -34.9089)","(44.3528, 137.703, 112.086)","False"],"Pointable 4":["5473","(0.146372, 0.833566, -0.532676)","547","58.31206","(29.638, 195.344, -42.3906)","(25.1325, 197.71, -33.2826)","(4.91667, 8.16935, 98.3353)","False"],"Pointable 5":["5474","(-0.0650425, 0.856827, -0.511485)","547","45.71558","(39.5638, 185.808, -30.533)","(36.1842, 183.545, -27.8879)","(-72.2874, -43.3909, 99.4244)","False"],"Pointable 6":["5480","(0.486908, 0.197114, -0.850921)","548","47.16879","(-66.6708, 232.518, -17.8518)","(-81.6049, 239.826, -53.6978)","(-88.6359, -36.7028, -192.205)","False"],"Pointable 7":["5481","(-0.974165, 0.204703, -0.0953875)","548","53.22471","(-102.834, 231.269, -39.0927)","(-103.234, 229.641, -39.8256)","(-128.167, -145.876, -139.389)","False"],"Pointable 8":["5482","(-0.928414, 0.362606, 0.0810166)","548","60.64529","(-110.845, 227.093, -39.3463)","(-111.731, 223.777, -39.2288)","(-119.734, -198.462, -75.5233)","False"],"Pointable 9":["5483","(-0.876204, 0.444478, 0.186294)","548","58.31206","(-118.351, 211.848, -35.7146)","(-117.639, 208.884, -36.5915)","(-26.4806, -202.546, -95.453)","False"],"Pointable 10":["5484","(-0.697233, 0.649573, 0.303185)","548","45.71558","(-113.928, 198.788, -33.7272)","(-113.187, 194.827, -33.7792)","(9.13273, -169.773, -18.7421)","False"]},"fingers":{"Finger 1":["(63.4499, 226.348, 44.7211)","(63.4499, 226.348, 44.7211)","(23.7196, 229.32, 23.4189)","(-2.04901, 229.586, 6.4432)","(-14.4952, 225.297, -10.1509)","TYPE_THUMB"],"Finger 2":["(5.13425, 181.883, 28.5245)","(5.13425, 181.883, 28.5245)","(-17.6806, 184.919, -2.81588)","(-14.1483, 197.734, -20.1899)","(-4.88, 208.128, -26.9116)","TYPE_INDEX"],"Finger 3":["(18.2735, 168.009, 22.5208)","(18.2735, 168.009, 22.5208)","(-6.90748, 172.599, -12.8056)","(-4.72233, 191.051, -30.6141)","(3.65542, 204.886, -35.8734)","TYPE_MIDDLE"],"Finger 4":["(35.7419, 158.639, 16.8299)","(35.7419, 158.639, 16.8299)","(16.5954, 166.671, -17.8706)","(20.2652, 187.57, -31.226)","(28.3205, 202.353, -32.8201)","TYPE_RING"],"Finger 5":["(52.8065, 153.604, 9.1483)","(52.8065, 153.604, 9.1483)","(34.9996, 158.023, -17.0726)","(33.8482, 173.191, -26.127)","(38.1039, 188.11, -27.7602)","TYPE_PINKY"],"Finger 6":["(-129.416, 215.402, 18.9199)","(-129.416, 215.402, 18.9199)","(-102.868, 234.78, -12.0778)","(-87.8431, 240.862, -38.3362)","(-79.1915, 242.022, -57.6358)","TYPE_THUMB"],"Finger 7":["(-60.1485, 208.324, -9.22443)","(-60.1485, 208.324, -9.22443)","(-70.717, 225.522, -42.4584)","(-92.0277, 230, -44.545)","(-106.408, 229.725, -38.8653)","TYPE_INDEX"],"Finger 8":["(-65.0108, 189.666, -14.6478)","(-65.0108, 189.666, -14.6478)","(-76.8729, 213.844, -48.9673)","(-100.767, 223.176, -46.8822)","(-115.234, 224.647, -38.0604)","TYPE_MIDDLE"],"Finger 9":["(-75.7841, 172.564, -18.7462)","(-75.7841, 172.564, -18.7462)","(-86.116, 196.524, -49.6401)","(-108.084, 207.668, -44.9693)","(-121.193, 209.997, -34.5437)","TYPE_RING"],"Finger 10":["(-88.7892, 159.38, -24.4553)","(-88.7892, 159.38, -24.4553)","(-93.9696, 180.519, -47.9168)","(-106.312, 192.018, -42.5498)","(-116.116, 196.775, -31.3864)","TYPE_PINKY"]},"bones":{"Bone 1 Finger 1":["(0.129665, -0.822465, 0.553839)","(-0.235392, 0.517054, 0.822949)","(0.963212, 0.237077, 0.126558)"],"Bone 2 Finger 1":["(-0.301211, -0.843862, 0.444037)","(-0.368677, 0.532511, 0.761911)","(0.879403, -0.0657898, 0.471511)"],"Bone 3 Finger 1":["(-0.301211, -0.843862, 0.444037)","(-0.460396, 0.536491, 0.707257)","(0.83505, -0.00860084, 0.550108)"],"Bone 4 Finger 1":["(-0.301211, -0.843862, 0.444037)","(-0.751008, 0.496883, 0.43485)","(0.587588, 0.202494, 0.783414)"],"Bone 1 Finger 2":["(0.526654, -0.731143, -0.433665)","(-0.115504, -0.566962, 0.815606)","(0.842196, 0.379452, 0.383043)"],"Bone 2 Finger 2":["(0.508497, -0.739101, -0.441769)","(-0.630208, -0.669054, 0.393961)","(0.586744, -0.0780783, 0.806)"],"Bone 3 Finger 2":["(0.508497, -0.739101, -0.441769)","(-0.845788, -0.33252, -0.41722)","(-0.161471, -0.585798, 0.794209)"],"Bone 4 Finger 2":["(0.508497, -0.739101, -0.441769)","(-0.61822, 0.0437439, -0.784787)","(-0.599362, -0.672172, 0.434684)"],"Bone 1 Finger 3":["(0.647518, -0.565718, -0.510572)","(-0.0062859, -0.67394, 0.738759)","(0.762024, 0.475151, 0.439945)"],"Bone 2 Finger 3":["(0.627046, -0.578141, -0.522079)","(-0.523095, -0.809126, 0.267744)","(0.577221, -0.105209, 0.809782)"],"Bone 3 Finger 3":["(0.627046, -0.578141, -0.522079)","(-0.774341, -0.389557, -0.498639)","(-0.0849037, -0.716937, 0.691949)"],"Bone 4 Finger 3":["(0.627046, -0.578141, -0.522079)","(-0.603474, 0.0632683, -0.794869)","(-0.492577, -0.81348, 0.309221)"],"Bone 1 Finger 4":["(0.751218, -0.437204, -0.494494)","(0.0642873, -0.697146, 0.714041)","(0.656916, 0.56819, 0.495602)"],"Bone 2 Finger 4":["(0.731737, -0.453592, -0.508739)","(-0.490285, -0.868793, 0.0694225)","(0.473479, -0.198628, 0.858117)"],"Bone 3 Finger 4":["(0.731737, -0.453592, -0.508739)","(-0.665685, -0.315313, -0.676344)","(-0.146372, -0.833566, 0.532676)"],"Bone 4 Finger 4":["(0.731737, -0.453592, -0.508739)","(-0.487492, 0.173361, -0.855744)","(-0.476354, -0.874186, 0.0942675)"],"Bone 1 Finger 5":["(0.801182, -0.247265, -0.544947)","(0.238129, -0.703705, 0.669398)","(0.549001, 0.666078, 0.504915)"],"Bone 2 Finger 5":["(0.770811, -0.282383, -0.57106)","(-0.310231, -0.94931, 0.0506764)","(0.556423, -0.138099, 0.819342)"],"Bone 3 Finger 5":["(0.770811, -0.282383, -0.57106)","(-0.633735, -0.431402, -0.642085)","(0.0650425, -0.856827, 0.511485)"],"Bone 4 Finger 5":["(0.770811, -0.282383, -0.57106)","(-0.575702, 0.0750857, -0.814205)","(-0.272796, -0.956359, 0.104691)"],"Bone 1 Finger 6":["(0.408073, -0.772466, 0.486592)","(0.0671088, 0.556928, 0.827845)","(-0.910479, -0.305167, 0.279107)"],"Bone 2 Finger 6":["(0.770211, -0.556352, 0.311846)","(0.247968, 0.711697, 0.657267)","(-0.587612, -0.428906, 0.686114)"],"Bone 3 Finger 6":["(0.770211, -0.556352, 0.311846)","(0.411943, 0.807229, 0.422711)","(-0.486908, -0.197114, 0.850921)"],"Bone 4 Finger 6":["(0.770211, -0.556352, 0.311846)","(0.489848, 0.829142, 0.269393)","(-0.408442, -0.0547322, 0.911142)"],"Bone 1 Finger 7":["(-0.13647, -0.895236, -0.424179)","(0.525399, -0.428411, 0.735133)","(-0.83984, -0.122539, 0.528822)"],"Bone 2 Finger 7":["(-0.147599, -0.896783, -0.417126)","(0.950968, -0.012778, -0.309026)","(0.271799, -0.442286, 0.854698)"],"Bone 3 Finger 7":["(-0.147599, -0.896783, -0.417126)","(0.170929, 0.392271, -0.903829)","(0.974165, -0.204703, 0.0953875)"],"Bone 4 Finger 7":["(-0.147599, -0.896783, -0.417126)","(-0.336808, 0.442113, -0.831322)","(0.929933, 0.0177891, -0.367299)"],"Bone 1 Finger 8":["(-0.336236, -0.817323, -0.467898)","(0.476197, -0.57618, 0.664269)","(-0.812516, 0.000539099, 0.582939)"],"Bone 2 Finger 8":["(-0.358503, -0.816997, -0.451653)","(0.89305, -0.159224, -0.420844)","(0.271915, -0.554223, 0.786702)"],"Bone 3 Finger 8":["(-0.358503, -0.816997, -0.451653)","(0.0975819, 0.448366, -0.888508)","(0.928414, -0.362606, -0.0810166)"],"Bone 4 Finger 8":["(-0.358503, -0.816997, -0.451653)","(-0.3847, 0.570117, -0.725928)","(0.850577, -0.0864967, -0.518688)"],"Bone 1 Finger 9":["(-0.487074, -0.762559, -0.425749)","(0.424814, -0.632791, 0.647386)","(-0.763081, 0.134461, 0.632162)"],"Bone 2 Finger 9":["(-0.479365, -0.763874, -0.432094)","(0.8396, -0.255826, -0.479191)","(0.255501, -0.592494, 0.763983)"],"Bone 3 Finger 9":["(-0.479365, -0.763874, -0.432094)","(0.0497507, 0.467906, -0.882377)","(0.876204, -0.444478, -0.186294)"],"Bone 4 Finger 9":["(-0.479365, -0.763874, -0.432094)","(-0.411436, 0.630498, -0.658174)","(0.775196, -0.137726, -0.616524)"],"Bone 1 Finger 10":["(-0.63557, -0.626763, -0.450797)","(0.274788, -0.729311, 0.626575)","(-0.721486, 0.274359, 0.635755)"],"Bone 2 Finger 10":["(-0.713946, -0.591256, -0.375096)","(0.681232, -0.462686, -0.567314)","(0.161876, -0.660559, 0.733115)"],"Bone 3 Finger 10":["(-0.713946, -0.591256, -0.375096)","(0.064392, 0.477987, -0.876003)","(0.697233, -0.649573, -0.303185)"],"Bone 4 Finger 10":["(-0.713946, -0.591256, -0.375096)","(-0.308719, 0.746622, -0.589278)","(0.628469, -0.304914, -0.71558)"]}}{"frameID":1029861,"timeStamp":1306932559523,"hands":{"Hand 1":["547","Left","(0.12677, -0.991684, 0.022198)","(-0.635923, -0.0640769, 0.769088)","(64.3889, 134.761, 47.6462)","(152.244, -152.126, 128.945)","(60.0044, 139.426, 44.3641)","0","0.1454831","0.1247162"],"Hand 2":["548","Right","(-0.596263, 0.412375, -0.688779)","(-0.796129, -0.414029, 0.441314)","(-36.7387, 189.071, -42.0915)","(-62.7004, 145.016, 224.541)","(-32.2697, 181.858, -47.5864)","0.9849834","1","0.07737973"]},"pointables":{"Pointable 1":["5470","(0.560011, -0.523724, 0.641951)","547","47.16879","(117.435, 138.467, 121.541)","(117.668, 138.418, 121.291)","(271.218, -30.7268, 169.462)","False"],"Pointable 2":["5471","(-0.386326, -0.627142, 0.676346)","547","53.22471","(73.4818, 62.6431, 94.7955)","(73.0963, 63.2583, 94.7216)","(340.934, -237.039, 101.793)","False"],"Pointable 3":["5472","(-0.341673, -0.576884, 0.741933)","547","60.64529","(51.123, 57.5874, 95.7877)","(53.4255, 54.5486, 95.1855)","(315.639, -393.518, 56.5257)","False"],"Pointable 4":["5473","(-0.40438, -0.480664, 0.7781)","547","58.31206","(28.4145, 72.5114, 83.5685)","(31.0851, 65.8972, 82.576)","(227.815, -578.319, 12.0032)","False"],"Pointable 5":["5474","(-0.453268, -0.573948, 0.682006)","547","45.71558","(13.7483, 90.2006, 62.0742)","(15.5857, 71.6484, 43.7667)","(-22.6913, -1111.74, -274.136)","False"],"Pointable 6":["5480","(-0.956483, 0.113568, -0.26878)","548","47.16879","(-98.8634, 197.965, -33.514)","(-100.224, 195.436, -15.1272)","(-61.0151, -73.9775, 545.673)","False"],"Pointable 7":["5481","(-0.0844875, -0.673967, 0.733914)","548","53.22471","(-80.9236, 189.509, -24.696)","(-81.6877, 183.914, -9.27238)","(-53.5675, -153.198, 385.507)","False"],"Pointable 8":["5482","(-0.131055, -0.492375, 0.86046)","548","60.64529","(-86.7343, 182.25, -26.0961)","(-84.6993, 174.671, -9.14827)","(26.4743, -188.193, 387.46)","False"],"Pointable 9":["5483","(0.300854, -0.353424, 0.885764)","548","58.31206","(-61.2643, 164.971, -21.6749)","(-57.5048, 162.231, -12.9922)","(96.6758, -87.1024, 219.987)","False"],"Pointable 10":["5484","(0.236233, -0.101228, 0.966409)","548","45.71558","(-56.3198, 159.267, -34.1118)","(-53.5803, 159.653, -26.6498)","(65.2301, -11.0007, 184.663)","False"]},"fingers":{"Finger 1":["(68.4609, 188.034, 63.0773)","(68.4609, 188.034, 63.0773)","(95.8187, 166.53, 91.8913)","(113.1, 150.368, 111.701)","(118.702, 134.603, 124.692)","TYPE_THUMB"],"Finger 2":["(85.7502, 114.976, 61.1186)","(85.7502, 114.976, 61.1186)","(89.4322, 77.449, 70.6113)","(80.9809, 63.7298, 85.407)","(71.2279, 62.065, 97.291)","TYPE_INDEX"],"Finger 3":["(71.8317, 112.777, 46.8849)","(71.8317, 112.777, 46.8849)","(67.7211, 73.6676, 65.7704)","(58.9276, 58.8204, 84.8654)","(51.1673, 53.9089, 99.1807)","TYPE_MIDDLE"],"Finger 4":["(56.0336, 116.359, 34.1206)","(56.0336, 116.359, 34.1206)","(46.5839, 81.8091, 52.8885)","(36.4452, 69.7579, 72.3972)","(28.7505, 66.3294, 87.0598)","TYPE_RING"],"Finger 5":["(39.2991, 121.476, 25.7938)","(39.2991, 121.476, 25.7938)","(25.5885, 94.0991, 35.1048)","(17.5648, 83.9391, 47.1777)","(11.0127, 78.4773, 60.2396)","TYPE_PINKY"],"Finger 6":["(-12.3702, 180.551, 7.16538)","(-12.3702, 180.551, 7.16538)","(-55.3043, 191.315, -1.88523)","(-84.8202, 194.82, -10.1794)","(-105.08, 197.234, -15.8683)","TYPE_THUMB"],"Finger 7":["(-51.0126, 217.6, -45.5069)","(-51.0126, 217.6, -45.5069)","(-86.1383, 206.04, -33.4858)","(-87.9865, 191.296, -17.4308)","(-81.6814, 181.809, -6.97337)","TYPE_INDEX"],"Finger 8":["(-47.4593, 202.275, -57.9038)","(-47.4593, 202.275, -57.9038)","(-86.9989, 193.379, -41.7611)","(-90.3718, 180.707, -19.6156)","(-84.4734, 172.729, -5.80158)","TYPE_MIDDLE"],"Finger 9":["(-41.937, 183.816, -65.2594)","(-41.937, 183.816, -65.2594)","(-74.4279, 174.121, -43.2235)","(-66.8848, 165.26, -21.0155)","(-54.3931, 161.209, -10.3616)","TYPE_RING"],"Finger 10":["(-38.8447, 164.963, -68.5088)","(-38.8447, 164.963, -68.5088)","(-66.1894, 161.946, -52.1588)","(-62.0076, 160.154, -35.0515)","(-51.0608, 159.335, -23.9666)","TYPE_PINKY"]},"bones":{"Bone 1 Finger 1":["(0.287191, -0.181111, -0.940596)","(0.847585, 0.505501, 0.161459)","(-0.44623, 0.843604, -0.298682)"],"Bone 2 Finger 1":["(0.430792, -0.477785, -0.765597)","(0.669128, 0.738353, -0.0842724)","(-0.605546, 0.475979, -0.637776)"],"Bone 3 Finger 1":["(0.430792, -0.477785, -0.765597)","(0.707676, 0.705291, -0.0419484)","(-0.560011, 0.523724, -0.641951)"],"Bone 4 Finger 1":["(0.430792, -0.477785, -0.765597)","(0.862833, 0.466665, 0.194275)","(-0.264456, 0.744275, -0.613284)"],"Bone 1 Finger 2":["(-0.729177, -0.276535, -0.625963)","(0.666387, -0.0788706, -0.741423)","(-0.155659, 0.957762, -0.24179)"],"Bone 2 Finger 2":["(-0.735451, -0.233094, -0.636223)","(0.670929, -0.119301, -0.731862)","(-0.0946902, 0.965109, -0.24413)"],"Bone 3 Finger 2":["(-0.735451, -0.233094, -0.636223)","(0.556654, -0.743209, -0.371182)","(0.386326, 0.627142, -0.676346)"],"Bone 4 Finger 2":["(-0.735451, -0.233094, -0.636223)","(0.247629, -0.966477, 0.0678388)","(0.630707, 0.107655, -0.768517)"],"Bone 1 Finger 3":["(-0.84635, -0.127071, -0.517247)","(0.529938, -0.10344, -0.841704)","(-0.053452, 0.986485, -0.154886)"],"Bone 2 Finger 3":["(-0.84421, -0.158526, -0.512034)","(0.527665, -0.413714, -0.741897)","(0.0942259, 0.896499, -0.43291)"],"Bone 3 Finger 3":["(-0.84421, -0.158526, -0.512034)","(0.413, -0.801295, -0.432848)","(0.341673, 0.576884, -0.741933)"],"Bone 4 Finger 3":["(-0.84421, -0.158526, -0.512034)","(0.281291, -0.944181, -0.171458)","(0.456272, 0.288777, -0.841679)"],"Bone 1 Finger 4":["(-0.882516, 0.0276455, -0.469469)","(0.466142, -0.0807546, -0.881017)","(0.0622679, 0.996351, -0.0583805)"],"Bone 2 Finger 4":["(-0.884286, -0.0117094, -0.466798)","(0.404264, -0.519493, -0.752793)","(0.233684, 0.854394, -0.464115)"],"Bone 3 Finger 4":["(-0.884286, -0.0117094, -0.466798)","(0.233484, -0.876827, -0.420309)","(0.40438, 0.480664, -0.7781)"],"Bone 4 Finger 4":["(-0.884286, -0.0117094, -0.466798)","(0.104793, -0.979162, -0.173955)","(0.455034, 0.202743, -0.867087)"],"Bone 1 Finger 5":["(-0.934185, 0.155737, -0.321004)","(0.326861, 0.012873, -0.944985)","(0.143037, 0.987715, 0.0629301)"],"Bone 2 Finger 5":["(-0.889379, 0.342372, -0.302964)","(0.159559, -0.38856, -0.907503)","(0.428424, 0.855455, -0.290948)"],"Bone 3 Finger 5":["(-0.889379, 0.342372, -0.302964)","(-0.0596148, -0.743885, -0.665643)","(0.453268, 0.573948, -0.682006)"],"Bone 4 Finger 5":["(-0.889379, 0.342372, -0.302964)","(-0.180592, -0.871899, -0.455168)","(0.419991, 0.350103, -0.837279)"],"Bone 1 Finger 6":["(0.637252, 0.124242, -0.760575)","(0.505696, 0.677312, 0.534341)","(0.581534, -0.725129, 0.368789)"],"Bone 2 Finger 6":["(0.290729, 0.449352, -0.844725)","(0.111244, 0.860997, 0.496295)","(0.950317, -0.238257, 0.200329)"],"Bone 3 Finger 6":["(0.290729, 0.449352, -0.844725)","(-0.0248425, 0.886107, 0.462815)","(0.956483, -0.113568, 0.26878)"],"Bone 4 Finger 6":["(0.290729, 0.449352, -0.844725)","(-0.024417, 0.886056, 0.462934)","(0.956494, -0.113963, 0.268574)"],"Bone 1 Finger 7":["(0.00160897, -0.730738, -0.682656)","(0.697557, 0.489964, -0.522829)","(0.716527, -0.475351, 0.51052)"],"Bone 2 Finger 7":["(0.0113806, -0.737152, -0.675631)","(-0.428757, 0.606811, -0.669289)","(0.903348, 0.297298, -0.309153)"],"Bone 3 Finger 7":["(0.0113806, -0.737152, -0.675631)","(-0.99636, 0.04873, -0.0699503)","(0.0844875, 0.673967, -0.733914)"],"Bone 4 Finger 7":["(0.0113806, -0.737152, -0.675631)","(-0.913029, -0.283175, 0.293582)","(-0.407736, 0.613529, -0.676264)"],"Bone 1 Finger 8":["(-0.0205405, -0.860989, -0.508208)","(0.703349, 0.348815, -0.619378)","(0.710548, -0.37017, 0.598411)"],"Bone 2 Finger 8":["(-0.00798632, -0.867394, -0.497559)","(-0.422429, 0.453923, -0.784543)","(0.906361, 0.203918, -0.370037)"],"Bone 3 Finger 8":["(-0.00798632, -0.867394, -0.497559)","(-0.991343, 0.0720794, -0.109744)","(0.131055, 0.492375, -0.86046)"],"Bone 4 Finger 8":["(-0.00798632, -0.867394, -0.497559)","(-0.937904, -0.166068, 0.30456)","(-0.346802, 0.469095, -0.812206)"],"Bone 1 Finger 9":["(0.0312838, -0.929907, -0.366461)","(0.722376, 0.274432, -0.634713)","(0.690792, -0.244866, 0.680328)"],"Bone 2 Finger 9":["(0.0209115, -0.926127, -0.376631)","(-0.594973, 0.291218, -0.749132)","(0.803474, 0.239751, -0.544931)"],"Bone 3 Finger 9":["(0.0209115, -0.926127, -0.376631)","(-0.953441, -0.131834, 0.271238)","(-0.300854, 0.353424, -0.885764)"],"Bone 4 Finger 9":["(0.0209115, -0.926127, -0.376631)","(-0.673701, -0.291395, 0.679128)","(-0.738708, 0.239535, -0.630027)"],"Bone 1 Finger 10":["(-0.00876511, -0.984474, -0.175313)","(0.776621, 0.103738, -0.621368)","(0.629907, -0.141598, 0.763654)"],"Bone 2 Finger 10":["(0.0413198, -0.992613, -0.114073)","(-0.517877, 0.0763604, -0.85204)","(0.854457, 0.0942819, -0.510896)"],"Bone 3 Finger 10":["(0.0413198, -0.992613, -0.114073)","(-0.970818, -0.0668796, 0.230305)","(-0.236233, 0.101228, -0.966409)"],"Bone 4 Finger 10":["(0.0413198, -0.992613, -0.114073)","(-0.711278, -0.109404, 0.694344)","(-0.701695, 0.0524475, -0.710544)"]}}{"frameID":1029917,"timeStamp":1306933062826,"hands":{},"pointables":{},"fingers":{},"bones":{}}{"frameID":1029974,"timeStamp":1306933556781,"hands":{},"pointables":{},"fingers":{},"bones":{}}{"frameID":1030029,"timeStamp":1306934033749,"hands":{"Hand 1":["549","Left","(-0.294822, 0.651624, -0.698904)","(-0.0267215, 0.725505, 0.687698)","(23.2659, 240.938, 16.8862)","(-63.0076, 10.2265, 54.1395)","(27.0742, 239.959, 14.5358)","0.6646075","1","0.2839212"],"Hand 2":["550","Right","(0.18732, 0.411, -0.892183)","(0.0299018, 0.905453, 0.423391)","(-113.925, 224.736, -30.8611)","(-50.4001, -25.641, -30.6845)","(-108.458, 230.751, -27.2644)","0.4289909","1","0.2918921"]},"pointables":{"Pointable 1":["5500","(0.649096, 0.654545, -0.387616)","550","47.16879","(-48.2802, 270.805, -6.98048)","(-55.5399, 271.758, -16.6546)","(-77.8233, -4.35956, -95.746)","False"],"Pointable 2":["5490","(-0.298229, 0.893849, -0.334803)","549","47.16879","(-18.4886, 282.609, 29.8724)","(-19.555, 282.615, 31.7774)","(-8.76068, -6.21029, 19.7661)","False"],"Pointable 3":["5491","(0.346527, -0.410114, 0.843638)","549","53.22471","(4.19579, 260.684, 40.1645)","(3.07094, 262.732, 46.8581)","(-17.7726, 15.1806, 76.3668)","False"],"Pointable 4":["5492","(0.281021, -0.425702, 0.860119)","549","60.64529","(15.3834, 265.539, 43.8065)","(15.5662, 265.484, 49.1598)","(-8.88348, 2.52767, 62.2862)","False"],"Pointable 5":["5493","(0.123001, -0.475533, 0.871056)","549","58.31206","(31.3393, 263.099, 44.7326)","(30.701, 261.841, 47.2819)","(-15.5807, 0.925431, 45.1896)","False"],"Pointable 6":["5494","(-0.00826005, -0.511568, 0.859203)","549","45.71558","(46.1612, 261.409, 40.5291)","(44.0413, 259.691, 39.2924)","(-30.288, 16.7602, 19.0895)","False"],"Pointable 7":["5501","(-0.267221, -0.189974, 0.944724)","550","53.22471","(-95.1335, 260.371, -1.64419)","(-94.0362, 253.713, -9.68551)","(-36.269, -14.4875, -57.0722)","False"],"Pointable 8":["5502","(-0.197032, -0.245006, 0.949289)","550","60.64529","(-107.78, 261.058, -1.66106)","(-107.154, 254.037, -4.67342)","(-34.9348, -36.2496, -27.8034)","False"],"Pointable 9":["5503","(-0.0334074, -0.213933, 0.976277)","550","58.31206","(-122.321, 257.134, -3.25579)","(-120.978, 251.95, -5.53565)","(-33.792, -34.1254, -18.3609)","False"],"Pointable 10":["5504","(0.139826, -0.123895, 0.982394)","550","45.71558","(-132.383, 256.394, -15.7298)","(-133.728, 251.087, -14.6799)","(-43.2122, -35.4395, -3.85052)","False"]},"fingers":{"Finger 1":["(-104.926, 206.683, 20.9631)","(-104.926, 206.683, 20.9631)","(-77.3868, 237.601, 2.88495)","(-57.3564, 257.799, -9.0764)","(-55.8034, 276.504, -18.895)","TYPE_THUMB"],"Finger 2":["(20.376, 207.143, 60.956)","(20.376, 207.143, 60.956)","(-7.39866, 239.403, 45.8251)","(-16.6016, 266.986, 35.4935)","(-19.559, 286.835, 28.7154)","TYPE_THUMB"],"Finger 3":["(-4.99645, 249.248, 4.17921)","(-4.99645, 249.248, 4.17921)","(-8.42124, 282.068, 24.747)","(-0.840668, 273.097, 43.2022)","(4.32003, 259.371, 48.1119)","TYPE_INDEX"],"Finger 4":["(14.0658, 252.308, -1.15192)","(14.0658, 252.308, -1.15192)","(3.64294, 287, 23.1575)","(10.8755, 276.044, 45.2942)","(17.3888, 261.286, 50.6854)","TYPE_MIDDLE"],"Finger 5":["(34.6806, 252.884, -0.95788)","(34.6806, 252.884, -0.95788)","(24.2533, 284.963, 21.3451)","(27.3372, 273.04, 43.1844)","(31.8738, 257.767, 48.8507)","TYPE_RING"],"Finger 6":["(53.4555, 254.783, 3.45314)","(53.4555, 254.783, 3.45314)","(41.3947, 279.567, 19.7154)","(41.2484, 270.511, 34.925)","(44.9748, 256.357, 40.3246)","TYPE_PINKY"],"Finger 7":["(-87.4976, 229.865, -48.3123)","(-87.4976, 229.865, -48.3123)","(-85.1368, 267.067, -37.2492)","(-90.9825, 262.911, -16.5826)","(-94.9324, 250.942, -7.62383)","TYPE_INDEX"],"Finger 8":["(-107.108, 230.249, -52.3655)","(-107.108, 230.249, -52.3655)","(-98.4882, 269.741, -35.9607)","(-103.559, 263.436, -11.529)","(-108.479, 250.374, -1.80996)","TYPE_MIDDLE"],"Finger 9":["(-127.623, 229.945, -50.2684)","(-127.623, 229.945, -50.2684)","(-117.755, 267.219, -38.0805)","(-118.593, 261.855, -13.6031)","(-121.692, 248.919, -3.1624)","TYPE_RING"],"Finger 10":["(-146.058, 232.306, -44.7794)","(-146.058, 232.306, -44.7794)","(-134.656, 261.848, -40.1522)","(-132.181, 259.655, -22.7619)","(-134.183, 248.441, -12.1026)","TYPE_PINKY"]},"bones":{"Bone 1 Finger 1":["(-0.385284, -0.687013, -0.616092)","(0.703705, -0.650628, 0.285451)","(-0.596955, -0.323567, 0.734131)"],"Bone 2 Finger 1":["(-0.0655623, -0.459515, -0.885747)","(0.790026, -0.566149, 0.235234)","(-0.609558, -0.68434, 0.400147)"],"Bone 3 Finger 1":["(-0.0655623, -0.459515, -0.885747)","(0.757876, -0.600347, 0.255356)","(-0.649096, -0.654545, 0.387616)"],"Bone 4 Finger 1":["(-0.0655623, -0.459515, -0.885747)","(0.995151, -0.0953317, -0.0242033)","(-0.0733179, -0.883039, 0.463537)"],"Bone 1 Finger 2":["(0.350732, -0.432658, -0.830538)","(-0.641713, -0.756963, 0.123338)","(0.68205, -0.489709, 0.543133)"],"Bone 2 Finger 2":["(0.168425, -0.29598, -0.940228)","(-0.770511, -0.634434, 0.0616939)","(0.614773, -0.714065, 0.334911)"],"Bone 3 Finger 2":["(0.168425, -0.29598, -0.940228)","(-0.939517, -0.336792, -0.062277)","(0.298229, -0.893849, 0.334803)"],"Bone 4 Finger 2":["(0.168425, -0.29598, -0.940228)","(-0.975776, -0.185169, -0.116503)","(0.139618, -0.937074, 0.319998)"],"Bone 1 Finger 3":["(0.892117, 0.32769, -0.311041)","(-0.0404777, -0.627703, -0.777399)","(0.449987, -0.706122, 0.546721)"],"Bone 2 Finger 3":["(0.931275, 0.258228, -0.256993)","(-0.35351, 0.469966, -0.808803)","(0.0880774, -0.844068, -0.528954)"],"Bone 3 Finger 3":["(0.931275, 0.258228, -0.256993)","(-0.112455, 0.874714, 0.471411)","(-0.346527, 0.410114, -0.843638)"],"Bone 4 Finger 3":["(0.931275, 0.258228, -0.256993)","(0.146117, 0.381447, 0.912769)","(-0.333732, 0.88759, -0.3175)"],"Bone 1 Finger 4":["(0.938452, 0.331452, -0.0972015)","(0.120817, -0.578617, -0.806601)","(0.323592, -0.745212, 0.583049)"],"Bone 2 Finger 4":["(0.923722, 0.363084, -0.122099)","(-0.299422, 0.485564, -0.821324)","(0.238923, -0.795235, -0.557241)"],"Bone 3 Finger 4":["(0.923722, 0.363084, -0.122099)","(-0.260317, 0.828823, 0.495265)","(-0.281021, 0.425702, -0.860119)"],"Bone 4 Finger 4":["(0.923722, 0.363084, -0.122099)","(-0.0091468, 0.339558, 0.940541)","(-0.382955, 0.867681, -0.316978)"],"Bone 1 Finger 5":["(0.964046, 0.260845, 0.0507419)","(0.197811, -0.576919, -0.792487)","(0.177442, -0.774031, 0.607774)"],"Bone 2 Finger 5":["(0.955721, 0.2932, 0.0251095)","(-0.141791, 0.533589, -0.833773)","(0.257861, -0.793295, -0.551535)"],"Bone 3 Finger 5":["(0.955721, 0.2932, 0.0251095)","(-0.267334, 0.829398, 0.490541)","(-0.123001, 0.475533, -0.871056)"],"Bone 4 Finger 5":["(0.955721, 0.2932, 0.0251095)","(-0.120925, 0.313508, 0.941854)","(-0.26828, 0.903187, -0.335082)"],"Bone 1 Finger 6":["(0.932079, 0.26122, 0.250984)","(0.360241, -0.595427, -0.718118)","(0.0381441, -0.759757, 0.649087)"],"Bone 2 Finger 6":["(0.926229, 0.319916, 0.199382)","(-0.00815929, 0.54581, -0.837869)","(0.376872, -0.774432, -0.508156)"],"Bone 3 Finger 6":["(0.926229, 0.319916, 0.199382)","(-0.37687, 0.797466, 0.471187)","(0.00826005, 0.511568, -0.859203)"],"Bone 4 Finger 6":["(0.926229, 0.319916, 0.199382)","(-0.291623, 0.272962, 0.916759)","(-0.238862, 0.907274, -0.34612)"],"Bone 1 Finger 7":["(-0.936454, 0.173491, -0.304886)","(0.0222761, -0.837973, -0.545257)","(-0.350083, -0.517399, 0.780858)"],"Bone 2 Finger 7":["(-0.960322, 0.133722, -0.244743)","(0.272203, 0.258367, -0.926904)","(-0.060714, -0.956747, -0.284516)"],"Bone 3 Finger 7":["(-0.960322, 0.133722, -0.244743)","(0.0798356, 0.97264, 0.21817)","(0.267221, 0.189974, -0.944724)"],"Bone 4 Finger 7":["(-0.960322, 0.133722, -0.244743)","(-0.111965, 0.618875, 0.777468)","(0.25543, 0.774023, -0.579348)"],"Bone 1 Finger 8":["(-0.965126, 0.242288, -0.0991356)","(-0.144055, -0.807735, -0.571676)","(-0.218585, -0.537458, 0.814469)"],"Bone 2 Finger 8":["(-0.95595, 0.262894, -0.130563)","(0.217057, 0.333679, -0.917357)","(-0.197602, -0.905287, -0.376044)"],"Bone 3 Finger 8":["(-0.95595, 0.262894, -0.130563)","(0.217574, 0.933198, 0.286012)","(0.197032, 0.245006, -0.949289)"],"Bone 4 Finger 8":["(-0.95595, 0.262894, -0.130563)","(0.0499591, 0.584035, 0.81019)","(0.289248, 0.767978, -0.571442)"],"Bone 1 Finger 9":["(-0.97315, 0.220752, 0.06518)","(-0.219535, -0.805081, -0.551043)","(-0.0691686, -0.550556, 0.831928)"],"Bone 2 Finger 9":["(-0.968188, 0.249297, 0.0214983)","(0.0553216, 0.297055, -0.953256)","(-0.244031, -0.921742, -0.301397)"],"Bone 3 Finger 9":["(-0.968188, 0.249297, 0.0214983)","(0.247983, 0.944502, 0.215455)","(0.0334074, 0.213933, -0.976277)"],"Bone 4 Finger 9":["(-0.968188, 0.249297, 0.0214983)","(0.170367, 0.593837, 0.786341)","(0.183266, 0.764989, -0.617419)"],"Bone 1 Finger 10":["(-0.924874, 0.285515, 0.251175)","(-0.373465, -0.806402, -0.458519)","(0.0716337, -0.517877, 0.852451)"],"Bone 2 Finger 10":["(-0.927572, 0.330793, 0.173742)","(-0.112556, 0.196019, -0.974119)","(-0.356289, -0.923121, -0.144589)"],"Bone 3 Finger 10":["(-0.927572, 0.330793, 0.173742)","(0.346495, 0.935535, 0.0686683)","(-0.139826, 0.123895, -0.982394)"],"Bone 4 Finger 10":["(-0.927572, 0.330793, 0.173742)","(0.350905, 0.611477, 0.709198)","(0.128359, 0.718799, -0.683266)"]}}{"frameID":1030088,"timeStamp":1306934562743,"hands":{"Hand 1":["549","Left","(-0.2082, 0.261446, -0.942496)","(-0.0141036, 0.96271, 0.270169)","(39.7495, 209.12, -0.0322745)","(-24.4766, -154.082, 0.222883)","(39.9205, 209.24, -0.124245)","1","0","0.4707001"],"Hand 2":["550","Right","(0.372446, 0.43944, -0.817421)","(0.180874, 0.829529, 0.528362)","(-97.5929, 285.083, -33.5743)","(60.1266, 39.4291, 109.493)","(-99.4067, 284.617, -36.3525)","0.8929062","1","0.09864708"]},"pointables":{"Pointable 1":["5492","(-0.153259, 0.524361, -0.83759)","549","60.64529","(18.7009, 265.008, -81.0335)","(19.3553, 252.629, -91.8051)","(42.4308, -428.015, -209.144)","False"],"Pointable 2":["5493","(-0.0273715, 0.401068, -0.915639)","549","58.31206","(50.0564, 254.721, -83.3502)","(50.406, 241.693, -92.2984)","(9.01082, -562.884, -222.613)","False"],"Pointable 3":["5490","(-0.0672854, 0.719829, -0.690883)","549","47.16879","(8.95266, 262.782, -0.714416)","(11.9217, 259.017, -6.0674)","(125.657, -67.7116, -140.359)","False"],"Pointable 4":["5491","(0.12995, 0.772283, 0.621846)","549","53.22471","(10.0937, 272.552, 1.43253)","(12.2537, 271.734, -1.08798)","(191.536, -114.056, -53.8106)","False"],"Pointable 5":["5494","(-0.0112628, 0.283698, -0.958847)","549","45.71558","(71.0681, 238.116, -71.996)","(70.5619, 231.058, -74.901)","(14.7078, -514.019, -177.791)","False"],"Pointable 6":["5500","(0.348956, 0.778146, -0.522224)","550","47.16879","(-80.0675, 331.629, -35.9307)","(-77.315, 332.708, -29.3441)","(101.218, 75.6047, 197.128)","False"],"Pointable 7":["5501","(-0.32551, -0.0335109, 0.944945)","550","53.22471","(-70.8764, 311.804, -20.6364)","(-69.9729, 312.037, -12.1401)","(37.1846, 32.4623, 161.394)","False"],"Pointable 8":["5502","(-0.244588, -0.0934455, 0.965114)","550","60.64529","(-82.3847, 316.689, -20.2217)","(-81.2133, 317.489, -10.0294)","(19.4648, 8.59798, 168.876)","False"],"Pointable 9":["5503","(-0.0510363, -0.0476903, 0.997557)","550","58.31206","(-96.6577, 320.061, -20.9325)","(-95.7477, 320.376, -12.6132)","(28.2239, 18.1541, 151.607)","False"],"Pointable 10":["5504","(0.151972, 0.0317263, 0.987875)","550","45.71558","(-110.358, 320.806, -26.675)","(-109.314, 320.903, -21.6716)","(45.4508, 39.9088, 122.855)","False"]},"fingers":{"Finger 1":["(32.4067, 211.109, -21.9736)","(32.4067, 211.109, -21.9736)","(26.1068, 231.065, -60.2511)","(22.1624, 244.561, -81.808)","(19.4488, 254.334, -95.4602)","TYPE_MIDDLE"],"Finger 2":["(52.9668, 210.958, -20.3626)","(52.9668, 210.958, -20.3626)","(52.4616, 224.474, -58.4717)","(51.7754, 234.53, -81.4287)","(51.1062, 242.219, -96.4745)","TYPE_RING"],"Finger 3":["(32.0006, 199.865, 54.2535)","(32.0006, 199.865, 54.2535)","(9.53878, 225.944, 24.9887)","(7.46243, 248.157, 3.66887)","(15.3745, 263.281, -8.87486)","TYPE_THUMB"],"Finger 4":["(12.9057, 211.579, -17.4289)","(12.9057, 211.579, -17.4289)","(7.12428, 249.613, -23.0788)","(9.96705, 266.507, -9.47537)","(13.8943, 272.747, 4.11742)","TYPE_INDEX"],"Finger 5":["(71.5505, 214.009, -15.7909)","(71.5505, 214.009, -15.7909)","(71.9649, 221.138, -46.9865)","(71.7656, 226.16, -63.9601)","(71.2758, 231.362, -78.6594)","TYPE_PINKY"],"Finger 6":["(-98.6822, 260.595, 16.344)","(-98.6822, 260.595, 16.344)","(-82.0008, 295.289, -7.30297)","(-71.2324, 319.302, -23.4182)","(-78.4891, 337.785, -30.7923)","TYPE_THUMB"],"Finger 7":["(-68.8933, 285.595, -47.90